# Measured absolute calibration curve for LOFAR
# This file contains the calibration factor per frequency going from 0 to 100 MHz in steps of 1 MHz
# - see stationGalacticCalibrator.py for details
0.000000000000000000e+00
0.000000000000000000e+00
0.000000000000000000e+00
0.000000000000000000e+00
0.000000000000000000e+00
0.000000000000000000e+00
0.000000000000000000e+00
0.000000000000000000e+00
0.000000000000000000e+00
0.000000000000000000e+00
0.000000000000000000e+00
0.000000000000000000e+00
0.000000000000000000e+00
0.000000000000000000e+00
0.000000000000000000e+00
0.000000000000000000e+00
0.000000000000000000e+00
0.000000000000000000e+00
0.000000000000000000e+00
0.000000000000000000e+00
0.000000000000000000e+00
0.000000000000000000e+00
0.000000000000000000e+00
0.000000000000000000e+00
0.000000000000000000e+00
0.000000000000000000e+00
0.000000000000000000e+00
0.000000000000000000e+00
0.000000000000000000e+00
0.000000000000000000e+00
1.373214519609999927e-05
1.398463322390000028e-05
1.487489938209999919e-05
1.544021703539999866e-05
1.606845682250000000e-05
1.662419427410000006e-05
1.670390660469999998e-05
1.744809318480000114e-05
1.805257364859999905e-05
1.870668550539999968e-05
1.885190998310000090e-05
1.996250513859999885e-05
2.018785665840000071e-05
2.115736807970000074e-05
2.158294555279999946e-05
2.201338248660000024e-05
2.237363191249999857e-05
2.244844196970000006e-05
2.378024838910000141e-05
2.405815431109999930e-05
2.420203834770000157e-05
2.453058691869999862e-05
2.493999059649999958e-05
2.637740238040000096e-05
2.703342534140000002e-05
2.780348576779999932e-05
3.071479913909999794e-05
3.407557058920000168e-05
3.673118498510000325e-05
3.899874400280000313e-05
3.722579134649999676e-05
3.542935109340000148e-05
3.355523709419999917e-05
2.965298159290000028e-05
2.792712523519999971e-05
2.881854497299999985e-05
2.924788438090000092e-05
2.984547687060000099e-05
3.070454621030000152e-05
3.072105535339999757e-05
3.164428712059999776e-05
3.230463883799999778e-05
3.332038820460000289e-05
3.466510609350000049e-05
3.551931370769999778e-05
3.739192759369999974e-05
3.973970379140000274e-05
4.306250487269999786e-05
4.746120819939999978e-05
5.023458661239999971e-05
5.536218483039999794e-05
0.000000000000000000e+00
0.000000000000000000e+00
0.000000000000000000e+00
0.000000000000000000e+00
0.000000000000000000e+00
0.000000000000000000e+00
0.000000000000000000e+00
0.000000000000000000e+00
0.000000000000000000e+00
0.000000000000000000e+00
0.000000000000000000e+00
0.000000000000000000e+00
0.000000000000000000e+00
0.000000000000000000e+00
0.000000000000000000e+00
0.000000000000000000e+00
0.000000000000000000e+00
0.000000000000000000e+00
0.000000000000000000e+00
0.000000000000000000e+00
