0.000000 3.296000 0.000000 3.296000 0.000000 3.296000 0.000000 3.296000 0.000000 3.296000 0.000000 3.296000 0.000000 3.296000 0.000000 3.296000 0.000000 3.296000 0.000000 3.296000 0.000000 3.296000 0.000000 3.296000 0.000000 3.296000 0.000000 3.296000 0.000000 3.296000 0.000000 3.296000 0.000000
3.906000 3.142000 0.000000 3.142000 0.000000 3.142000 0.000000 3.142000 0.000000 3.142000 0.000000 3.142000 0.000000 3.142000 0.000000 3.142000 0.000000 3.142000 0.000000 3.142000 0.000000 3.142000 0.000000 3.142000 0.000000 3.142000 0.000000 3.142000 0.000000 3.142000 0.000000 3.142000 0.000000
7.812000 2.995000 0.000000 2.995000 0.000000 2.995000 0.000000 2.995000 0.000000 2.995000 0.000000 2.995000 0.000000 2.995000 0.000000 2.995000 0.000000 2.995000 0.000000 2.995000 0.000000 2.995000 0.000000 2.995000 0.000000 2.995000 0.000000 2.995000 0.000000 2.995000 0.000000 2.995000 0.000000
11.719000 2.855000 0.000000 2.855000 0.000000 2.855000 0.000000 2.855000 0.000000 2.855000 0.000000 2.855000 0.000000 2.855000 0.000000 2.855000 0.000000 2.855000 0.000000 2.855000 0.000000 2.855000 0.000000 2.855000 0.000000 2.855000 0.000000 2.855000 0.000000 2.855000 0.000000 2.855000 0.000000
15.625000 2.721000 0.000000 2.721000 0.000000 2.721000 0.000000 2.721000 0.000000 2.721000 0.000000 2.721000 0.000000 2.721000 0.000000 2.721000 0.000000 2.721000 0.000000 2.721000 0.000000 2.721000 0.000000 2.721000 0.000000 2.721000 0.000000 2.721000 0.000000 2.721000 0.000000 2.721000 0.000000
19.531000 2.594000 0.000000 2.594000 0.000000 2.594000 0.000000 2.594000 0.000000 2.594000 0.000000 2.594000 0.000000 2.594000 0.000000 2.594000 0.000000 2.594000 0.000000 2.594000 0.000000 2.594000 0.000000 2.594000 0.000000 2.594000 0.000000 2.594000 0.000000 2.594000 0.000000 2.594000 0.000000
23.437000 2.472000 0.000000 2.472000 0.000000 2.472000 0.000000 2.472000 0.000000 2.472000 0.000000 2.472000 0.000000 2.472000 0.000000 2.472000 0.000000 2.472000 0.000000 2.472000 0.000000 2.472000 0.000000 2.472000 0.000000 2.472000 0.000000 2.472000 0.000000 2.472000 0.000000 2.472000 0.000000
27.344000 2.357000 0.000000 2.357000 0.000000 2.357000 0.000000 2.357000 0.000000 2.357000 0.000000 2.357000 0.000000 2.357000 0.000000 2.357000 0.000000 2.357000 0.000000 2.357000 0.000000 2.357000 0.000000 2.357000 0.000000 2.357000 0.000000 2.357000 0.000000 2.357000 0.000000 2.357000 0.000000
31.250000 2.246000 0.000000 2.246000 0.000000 2.246000 0.000000 2.246000 0.000000 2.246000 0.000000 2.246000 0.000000 2.246000 0.000000 2.246000 0.000000 2.246000 0.000000 2.246000 0.000000 2.246000 0.000000 2.246000 0.000000 2.246000 0.000000 2.246000 0.000000 2.246000 0.000000 2.246000 0.000000
35.156000 2.141000 0.000000 2.141000 0.000000 2.141000 0.000000 2.141000 0.000000 2.141000 0.000000 2.141000 0.000000 2.141000 0.000000 2.141000 0.000000 2.141000 0.000000 2.141000 0.000000 2.141000 0.000000 2.141000 0.000000 2.141000 0.000000 2.141000 0.000000 2.141000 0.000000 2.141000 0.000000
39.062000 2.041000 0.000000 2.041000 0.000000 2.041000 0.000000 2.041000 0.000000 2.041000 0.000000 2.041000 0.000000 2.041000 0.000000 2.041000 0.000000 2.041000 0.000000 2.041000 0.000000 2.041000 0.000000 2.041000 0.000000 2.041000 0.000000 2.041000 0.000000 2.041000 0.000000 2.041000 0.000000
42.969000 1.945000 0.000000 1.945000 0.000000 1.945000 0.000000 1.945000 0.000000 1.945000 0.000000 1.945000 0.000000 1.945000 0.000000 1.945000 0.000000 1.945000 0.000000 1.945000 0.000000 1.945000 0.000000 1.945000 0.000000 1.945000 0.000000 1.945000 0.000000 1.945000 0.000000 1.945000 0.000000
46.875000 1.854000 0.000000 1.854000 0.000000 1.854000 0.000000 1.854000 0.000000 1.854000 0.000000 1.854000 0.000000 1.854000 0.000000 1.854000 0.000000 1.854000 0.000000 1.854000 0.000000 1.854000 0.000000 1.854000 0.000000 1.854000 0.000000 1.854000 0.000000 1.854000 0.000000 1.854000 0.000000
50.781000 1.768000 0.000000 1.768000 0.000000 1.768000 0.000000 1.768000 0.000000 1.768000 0.000000 1.768000 0.000000 1.768000 0.000000 1.768000 0.000000 1.768000 0.000000 1.768000 0.000000 1.768000 0.000000 1.768000 0.000000 1.768000 0.000000 1.768000 0.000000 1.768000 0.000000 1.768000 0.000000
54.687000 1.685000 0.000000 1.685000 0.000000 1.685000 0.000000 1.685000 0.000000 1.685000 0.000000 1.685000 0.000000 1.685000 0.000000 1.685000 0.000000 1.685000 0.000000 1.685000 0.000000 1.685000 0.000000 1.685000 0.000000 1.685000 0.000000 1.685000 0.000000 1.685000 0.000000 1.685000 0.000000
58.594000 1.606000 0.000000 1.606000 0.000000 1.606000 0.000000 1.606000 0.000000 1.606000 0.000000 1.606000 0.000000 1.606000 0.000000 1.606000 0.000000 1.606000 0.000000 1.606000 0.000000 1.606000 0.000000 1.606000 0.000000 1.606000 0.000000 1.606000 0.000000 1.606000 0.000000 1.606000 0.000000
62.500000 1.531000 0.000000 1.531000 0.000000 1.531000 0.000000 1.531000 0.000000 1.531000 0.000000 1.531000 0.000000 1.531000 0.000000 1.531000 0.000000 1.531000 0.000000 1.531000 0.000000 1.531000 0.000000 1.531000 0.000000 1.531000 0.000000 1.531000 0.000000 1.531000 0.000000 1.531000 0.000000
66.406000 1.459000 0.000000 1.459000 0.000000 1.459000 0.000000 1.459000 0.000000 1.459000 0.000000 1.459000 0.000000 1.459000 0.000000 1.459000 0.000000 1.459000 0.000000 1.459000 0.000000 1.459000 0.000000 1.459000 0.000000 1.459000 0.000000 1.459000 0.000000 1.459000 0.000000 1.459000 0.000000
70.312000 1.391000 0.000000 1.391000 0.000000 1.391000 0.000000 1.391000 0.000000 1.391000 0.000000 1.391000 0.000000 1.391000 0.000000 1.391000 0.000000 1.391000 0.000000 1.391000 0.000000 1.391000 0.000000 1.391000 0.000000 1.391000 0.000000 1.391000 0.000000 1.391000 0.000000 1.391000 0.000000
74.219000 1.326000 0.000000 1.326000 0.000000 1.326000 0.000000 1.326000 0.000000 1.326000 0.000000 1.326000 0.000000 1.326000 0.000000 1.326000 0.000000 1.326000 0.000000 1.326000 0.000000 1.326000 0.000000 1.326000 0.000000 1.326000 0.000000 1.326000 0.000000 1.326000 0.000000 1.326000 0.000000
78.125000 1.264000 0.000000 1.264000 0.000000 1.264000 0.000000 1.264000 0.000000 1.264000 0.000000 1.264000 0.000000 1.264000 0.000000 1.264000 0.000000 1.264000 0.000000 1.264000 0.000000 1.264000 0.000000 1.264000 0.000000 1.264000 0.000000 1.264000 0.000000 1.264000 0.000000 1.264000 0.000000
82.031000 1.205000 0.000000 1.205000 0.000000 1.205000 0.000000 1.205000 0.000000 1.205000 0.000000 1.205000 0.000000 1.205000 0.000000 1.205000 0.000000 1.205000 0.000000 1.205000 0.000000 1.205000 0.000000 1.205000 0.000000 1.205000 0.000000 1.205000 0.000000 1.205000 0.000000 1.205000 0.000000
85.937000 1.148000 0.000000 1.148000 0.000000 1.148000 0.000000 1.148000 0.000000 1.148000 0.000000 1.148000 0.000000 1.148000 0.000000 1.148000 0.000000 1.148000 0.000000 1.148000 0.000000 1.148000 0.000000 1.148000 0.000000 1.148000 0.000000 1.148000 0.000000 1.148000 0.000000 1.148000 0.000000
89.844000 1.094000 0.000000 1.094000 0.000000 1.094000 0.000000 1.094000 0.000000 1.094000 0.000000 1.094000 0.000000 1.094000 0.000000 1.094000 0.000000 1.094000 0.000000 1.094000 0.000000 1.094000 0.000000 1.094000 0.000000 1.094000 0.000000 1.094000 0.000000 1.094000 0.000000 1.094000 0.000000
93.750000 1.043000 0.000000 1.043000 0.000000 1.043000 0.000000 1.043000 0.000000 1.043000 0.000000 1.043000 0.000000 1.043000 0.000000 1.043000 0.000000 1.043000 0.000000 1.043000 0.000000 1.043000 0.000000 1.043000 0.000000 1.043000 0.000000 1.043000 0.000000 1.043000 0.000000 1.043000 0.000000
97.656000 0.994000 0.000000 0.994000 0.000000 0.994000 0.000000 0.994000 0.000000 0.994000 0.000000 0.994000 0.000000 0.994000 0.000000 0.994000 0.000000 0.994000 0.000000 0.994000 0.000000 0.994000 0.000000 0.994000 0.000000 0.994000 0.000000 0.994000 0.000000 0.994000 0.000000 0.994000 0.000000
101.560000 0.957000 0.804000 0.957000 0.804000 0.957000 0.804000 0.957000 0.804000 0.957000 0.804000 0.957000 0.804000 0.957000 0.804000 0.957000 0.804000 0.957000 0.804000 0.957000 0.804000 0.957000 0.804000 0.957000 0.804000 0.957000 0.804000 0.957000 0.804000 0.957000 0.804000 0.957000 0.804000
105.470000 0.935000 2.280000 0.935000 2.280000 0.935000 2.280000 0.935000 2.280000 0.935000 2.280000 0.935000 2.280000 0.935000 2.280000 0.935000 2.280000 0.935000 2.280000 0.935000 2.280000 0.935000 2.280000 0.935000 2.280000 0.935000 2.280000 0.935000 2.280000 0.935000 2.280000 0.935000 2.280000
109.370000 0.913000 2.179000 0.913000 2.179000 0.913000 2.179000 0.913000 2.179000 0.913000 2.179000 0.913000 2.179000 0.913000 2.179000 0.913000 2.179000 0.913000 2.179000 0.913000 2.179000 0.913000 2.179000 0.913000 2.179000 0.913000 2.179000 0.913000 2.179000 0.913000 2.179000 0.913000 2.179000
113.280000 0.892000 1.990000 0.892000 1.990000 0.892000 1.990000 0.892000 1.990000 0.892000 1.990000 0.892000 1.990000 0.892000 1.990000 0.892000 1.990000 0.892000 1.990000 0.892000 1.990000 0.892000 1.990000 0.892000 1.990000 0.892000 1.990000 0.892000 1.990000 0.892000 1.990000 0.892000 1.990000
117.190000 0.919000 1.768000 0.919000 1.768000 0.919000 1.768000 0.919000 1.768000 0.919000 1.768000 0.919000 1.768000 0.919000 1.768000 0.919000 1.768000 0.919000 1.768000 0.919000 1.768000 0.919000 1.768000 0.919000 1.768000 0.919000 1.768000 0.919000 1.768000 0.919000 1.768000 0.919000 1.768000
121.090000 1.350000 1.546000 1.350000 1.546000 1.350000 1.546000 1.350000 1.546000 1.350000 1.546000 1.350000 1.546000 1.350000 1.546000 1.350000 1.546000 1.350000 1.546000 1.350000 1.546000 1.350000 1.546000 1.350000 1.546000 1.350000 1.546000 1.350000 1.546000 1.350000 1.546000 1.350000 1.546000
125.000000 1.982000 1.846000 1.982000 1.846000 1.982000 1.846000 1.982000 1.846000 1.982000 1.846000 1.982000 1.846000 1.982000 1.846000 1.982000 1.846000 1.982000 1.846000 1.982000 1.846000 1.982000 1.846000 1.982000 1.846000 1.982000 1.846000 1.982000 1.846000 1.982000 1.846000 1.982000 1.846000
128.910000 2.909000 0.032000 2.909000 0.032000 2.909000 0.032000 2.909000 0.032000 2.909000 0.032000 2.909000 0.032000 2.909000 0.032000 2.909000 0.032000 2.909000 0.032000 2.909000 0.032000 2.909000 0.032000 2.909000 0.032000 2.909000 0.032000 2.909000 0.032000 2.909000 0.032000 2.909000 0.032000
132.810000 4.271000 2.193000 4.271000 2.193000 4.271000 2.193000 4.271000 2.193000 4.271000 2.193000 4.271000 2.193000 4.271000 2.193000 4.271000 2.193000 4.271000 2.193000 4.271000 2.193000 4.271000 2.193000 4.271000 2.193000 4.271000 2.193000 4.271000 2.193000 4.271000 2.193000 4.271000 2.193000
136.720000 12.508000 1.956000 12.508000 1.956000 12.508000 1.956000 12.508000 1.956000 12.508000 1.956000 12.508000 1.956000 12.508000 1.956000 12.508000 1.956000 12.508000 1.956000 12.508000 1.956000 12.508000 1.956000 12.508000 1.956000 12.508000 1.956000 12.508000 1.956000 12.508000 1.956000 12.508000 1.956000
140.620000 40.705000 -0.700000 40.705000 -0.700000 40.705000 -0.700000 40.705000 -0.700000 40.705000 -0.700000 40.705000 -0.700000 40.705000 -0.700000 40.705000 -0.700000 40.705000 -0.700000 40.705000 -0.700000 40.705000 -0.700000 40.705000 -0.700000 40.705000 -0.700000 40.705000 -0.700000 40.705000 -0.700000 40.705000 -0.700000
144.530000 132.465000 -2.649000 132.465000 -2.649000 132.465000 -2.649000 132.465000 -2.649000 132.465000 -2.649000 132.465000 -2.649000 132.465000 -2.649000 132.465000 -2.649000 132.465000 -2.649000 132.465000 -2.649000 132.465000 -2.649000 132.465000 -2.649000 132.465000 -2.649000 132.465000 -2.649000 132.465000 -2.649000 132.465000 -2.649000
148.440000 431.023000 2.483000 431.023000 2.483000 431.023000 2.483000 431.023000 2.483000 431.023000 2.483000 431.023000 2.483000 431.023000 2.483000 431.023000 2.483000 431.023000 2.483000 431.023000 2.483000 431.023000 2.483000 431.023000 2.483000 431.023000 2.483000 431.023000 2.483000 431.023000 2.483000 431.023000 2.483000
152.340000 827.752000 1.658000 827.752000 1.658000 827.752000 1.658000 827.752000 1.658000 827.752000 1.658000 827.752000 1.658000 827.752000 1.658000 827.752000 1.658000 827.752000 1.658000 827.752000 1.658000 827.752000 1.658000 827.752000 1.658000 827.752000 1.658000 827.752000 1.658000 827.752000 1.658000 827.752000 1.658000
156.250000 1118.279000 1.021000 1118.279000 1.021000 1118.279000 1.021000 1118.279000 1.021000 1118.279000 1.021000 1118.279000 1.021000 1118.279000 1.021000 1118.279000 1.021000 1118.279000 1.021000 1118.279000 1.021000 1118.279000 1.021000 1118.279000 1.021000 1118.279000 1.021000 1118.279000 1.021000 1118.279000 1.021000 1118.279000 1.021000
160.160000 1510.950000 0.495000 1510.950000 0.495000 1510.950000 0.495000 1510.950000 0.495000 1510.950000 0.495000 1510.950000 0.495000 1510.950000 0.495000 1510.950000 0.495000 1510.950000 0.495000 1510.950000 0.495000 1510.950000 0.495000 1510.950000 0.495000 1510.950000 0.495000 1510.950000 0.495000 1510.950000 0.495000 1510.950000 0.495000
164.060000 2041.268000 0.038000 2041.268000 0.038000 2041.268000 0.038000 2041.268000 0.038000 2041.268000 0.038000 2041.268000 0.038000 2041.268000 0.038000 2041.268000 0.038000 2041.268000 0.038000 2041.268000 0.038000 2041.268000 0.038000 2041.268000 0.038000 2041.268000 0.038000 2041.268000 0.038000 2041.268000 0.038000 2041.268000 0.038000
167.970000 2647.890000 -0.374000 2647.890000 -0.374000 2647.890000 -0.374000 2647.890000 -0.374000 2647.890000 -0.374000 2647.890000 -0.374000 2647.890000 -0.374000 2647.890000 -0.374000 2647.890000 -0.374000 2647.890000 -0.374000 2647.890000 -0.374000 2647.890000 -0.374000 2647.890000 -0.374000 2647.890000 -0.374000 2647.890000 -0.374000 2647.890000 -0.374000
171.870000 3164.463000 -0.747000 3164.463000 -0.747000 3164.463000 -0.747000 3164.463000 -0.747000 3164.463000 -0.747000 3164.463000 -0.747000 3164.463000 -0.747000 3164.463000 -0.747000 3164.463000 -0.747000 3164.463000 -0.747000 3164.463000 -0.747000 3164.463000 -0.747000 3164.463000 -0.747000 3164.463000 -0.747000 3164.463000 -0.747000 3164.463000 -0.747000
175.780000 3782.248000 -1.088000 3782.248000 -1.088000 3782.248000 -1.088000 3782.248000 -1.088000 3782.248000 -1.088000 3782.248000 -1.088000 3782.248000 -1.088000 3782.248000 -1.088000 3782.248000 -1.088000 3782.248000 -1.088000 3782.248000 -1.088000 3782.248000 -1.088000 3782.248000 -1.088000 3782.248000 -1.088000 3782.248000 -1.088000 3782.248000 -1.088000
179.690000 4520.641000 -1.400000 4520.641000 -1.400000 4520.641000 -1.400000 4520.641000 -1.400000 4520.641000 -1.400000 4520.641000 -1.400000 4520.641000 -1.400000 4520.641000 -1.400000 4520.641000 -1.400000 4520.641000 -1.400000 4520.641000 -1.400000 4520.641000 -1.400000 4520.641000 -1.400000 4520.641000 -1.400000 4520.641000 -1.400000 4520.641000 -1.400000
183.590000 5339.493000 -1.685000 5339.493000 -1.685000 5339.493000 -1.685000 5339.493000 -1.685000 5339.493000 -1.685000 5339.493000 -1.685000 5339.493000 -1.685000 5339.493000 -1.685000 5339.493000 -1.685000 5339.493000 -1.685000 5339.493000 -1.685000 5339.493000 -1.685000 5339.493000 -1.685000 5339.493000 -1.685000 5339.493000 -1.685000 5339.493000 -1.685000
187.500000 5325.373000 -1.947000 5325.373000 -1.947000 5325.373000 -1.947000 5325.373000 -1.947000 5325.373000 -1.947000 5325.373000 -1.947000 5325.373000 -1.947000 5325.373000 -1.947000 5325.373000 -1.947000 5325.373000 -1.947000 5325.373000 -1.947000 5325.373000 -1.947000 5325.373000 -1.947000 5325.373000 -1.947000 5325.373000 -1.947000 5325.373000 -1.947000
191.410000 5310.678000 -2.188000 5310.678000 -2.188000 5310.678000 -2.188000 5310.678000 -2.188000 5310.678000 -2.188000 5310.678000 -2.188000 5310.678000 -2.188000 5310.678000 -2.188000 5310.678000 -2.188000 5310.678000 -2.188000 5310.678000 -2.188000 5310.678000 -2.188000 5310.678000 -2.188000 5310.678000 -2.188000 5310.678000 -2.188000 5310.678000 -2.188000
195.310000 5296.634000 -2.411000 5296.634000 -2.411000 5296.634000 -2.411000 5296.634000 -2.411000 5296.634000 -2.411000 5296.634000 -2.411000 5296.634000 -2.411000 5296.634000 -2.411000 5296.634000 -2.411000 5296.634000 -2.411000 5296.634000 -2.411000 5296.634000 -2.411000 5296.634000 -2.411000 5296.634000 -2.411000 5296.634000 -2.411000 5296.634000 -2.411000
199.220000 5282.019000 -2.617000 5282.019000 -2.617000 5282.019000 -2.617000 5282.019000 -2.617000 5282.019000 -2.617000 5282.019000 -2.617000 5282.019000 -2.617000 5282.019000 -2.617000 5282.019000 -2.617000 5282.019000 -2.617000 5282.019000 -2.617000 5282.019000 -2.617000 5282.019000 -2.617000 5282.019000 -2.617000 5282.019000 -2.617000 5282.019000 -2.617000
203.120000 5355.500000 -2.809000 5355.500000 -2.809000 5355.500000 -2.809000 5355.500000 -2.809000 5355.500000 -2.809000 5355.500000 -2.809000 5355.500000 -2.809000 5355.500000 -2.809000 5355.500000 -2.809000 5355.500000 -2.809000 5355.500000 -2.809000 5355.500000 -2.809000 5355.500000 -2.809000 5355.500000 -2.809000 5355.500000 -2.809000 5355.500000 -2.809000
207.030000 5452.554000 -2.990000 5452.554000 -2.990000 5452.554000 -2.990000 5452.554000 -2.990000 5452.554000 -2.990000 5452.554000 -2.990000 5452.554000 -2.990000 5452.554000 -2.990000 5452.554000 -2.990000 5452.554000 -2.990000 5452.554000 -2.990000 5452.554000 -2.990000 5452.554000 -2.990000 5452.554000 -2.990000 5452.554000 -2.990000 5452.554000 -2.990000
210.940000 5551.368000 3.124000 5551.368000 3.124000 5551.368000 3.124000 5551.368000 3.124000 5551.368000 3.124000 5551.368000 3.124000 5551.368000 3.124000 5551.368000 3.124000 5551.368000 3.124000 5551.368000 3.124000 5551.368000 3.124000 5551.368000 3.124000 5551.368000 3.124000 5551.368000 3.124000 5551.368000 3.124000 5551.368000 3.124000
214.840000 5651.321000 2.963000 5651.321000 2.963000 5651.321000 2.963000 5651.321000 2.963000 5651.321000 2.963000 5651.321000 2.963000 5651.321000 2.963000 5651.321000 2.963000 5651.321000 2.963000 5651.321000 2.963000 5651.321000 2.963000 5651.321000 2.963000 5651.321000 2.963000 5651.321000 2.963000 5651.321000 2.963000 5651.321000 2.963000
218.750000 5696.394000 2.811000 5696.394000 2.811000 5696.394000 2.811000 5696.394000 2.811000 5696.394000 2.811000 5696.394000 2.811000 5696.394000 2.811000 5696.394000 2.811000 5696.394000 2.811000 5696.394000 2.811000 5696.394000 2.811000 5696.394000 2.811000 5696.394000 2.811000 5696.394000 2.811000 5696.394000 2.811000 5696.394000 2.811000
222.660000 5691.805000 2.665000 5691.805000 2.665000 5691.805000 2.665000 5691.805000 2.665000 5691.805000 2.665000 5691.805000 2.665000 5691.805000 2.665000 5691.805000 2.665000 5691.805000 2.665000 5691.805000 2.665000 5691.805000 2.665000 5691.805000 2.665000 5691.805000 2.665000 5691.805000 2.665000 5691.805000 2.665000 5691.805000 2.665000
226.560000 5687.220000 2.526000 5687.220000 2.526000 5687.220000 2.526000 5687.220000 2.526000 5687.220000 2.526000 5687.220000 2.526000 5687.220000 2.526000 5687.220000 2.526000 5687.220000 2.526000 5687.220000 2.526000 5687.220000 2.526000 5687.220000 2.526000 5687.220000 2.526000 5687.220000 2.526000 5687.220000 2.526000 5687.220000 2.526000
230.470000 5682.638000 2.391000 5682.638000 2.391000 5682.638000 2.391000 5682.638000 2.391000 5682.638000 2.391000 5682.638000 2.391000 5682.638000 2.391000 5682.638000 2.391000 5682.638000 2.391000 5682.638000 2.391000 5682.638000 2.391000 5682.638000 2.391000 5682.638000 2.391000 5682.638000 2.391000 5682.638000 2.391000 5682.638000 2.391000
234.370000 5674.139000 2.262000 5674.139000 2.262000 5674.139000 2.262000 5674.139000 2.262000 5674.139000 2.262000 5674.139000 2.262000 5674.139000 2.262000 5674.139000 2.262000 5674.139000 2.262000 5674.139000 2.262000 5674.139000 2.262000 5674.139000 2.262000 5674.139000 2.262000 5674.139000 2.262000 5674.139000 2.262000 5674.139000 2.262000
238.280000 5653.274000 2.137000 5653.274000 2.137000 5653.274000 2.137000 5653.274000 2.137000 5653.274000 2.137000 5653.274000 2.137000 5653.274000 2.137000 5653.274000 2.137000 5653.274000 2.137000 5653.274000 2.137000 5653.274000 2.137000 5653.274000 2.137000 5653.274000 2.137000 5653.274000 2.137000 5653.274000 2.137000 5653.274000 2.137000
242.190000 5633.133000 2.015000 5633.133000 2.015000 5633.133000 2.015000 5633.133000 2.015000 5633.133000 2.015000 5633.133000 2.015000 5633.133000 2.015000 5633.133000 2.015000 5633.133000 2.015000 5633.133000 2.015000 5633.133000 2.015000 5633.133000 2.015000 5633.133000 2.015000 5633.133000 2.015000 5633.133000 2.015000 5633.133000 2.015000
246.090000 5612.418000 1.897000 5612.418000 1.897000 5612.418000 1.897000 5612.418000 1.897000 5612.418000 1.897000 5612.418000 1.897000 5612.418000 1.897000 5612.418000 1.897000 5612.418000 1.897000 5612.418000 1.897000 5612.418000 1.897000 5612.418000 1.897000 5612.418000 1.897000 5612.418000 1.897000 5612.418000 1.897000 5612.418000 1.897000
250.000000 5591.779000 1.782000 5591.779000 1.782000 5591.779000 1.782000 5591.779000 1.782000 5591.779000 1.782000 5591.779000 1.782000 5591.779000 1.782000 5591.779000 1.782000 5591.779000 1.782000 5591.779000 1.782000 5591.779000 1.782000 5591.779000 1.782000 5591.779000 1.782000 5591.779000 1.782000 5591.779000 1.782000 5591.779000 1.782000
253.910000 5581.488000 1.669000 5581.488000 1.669000 5581.488000 1.669000 5581.488000 1.669000 5581.488000 1.669000 5581.488000 1.669000 5581.488000 1.669000 5581.488000 1.669000 5581.488000 1.669000 5581.488000 1.669000 5581.488000 1.669000 5581.488000 1.669000 5581.488000 1.669000 5581.488000 1.669000 5581.488000 1.669000 5581.488000 1.669000
257.810000 5571.216000 1.560000 5571.216000 1.560000 5571.216000 1.560000 5571.216000 1.560000 5571.216000 1.560000 5571.216000 1.560000 5571.216000 1.560000 5571.216000 1.560000 5571.216000 1.560000 5571.216000 1.560000 5571.216000 1.560000 5571.216000 1.560000 5571.216000 1.560000 5571.216000 1.560000 5571.216000 1.560000 5571.216000 1.560000
261.720000 5560.963000 1.452000 5560.963000 1.452000 5560.963000 1.452000 5560.963000 1.452000 5560.963000 1.452000 5560.963000 1.452000 5560.963000 1.452000 5560.963000 1.452000 5560.963000 1.452000 5560.963000 1.452000 5560.963000 1.452000 5560.963000 1.452000 5560.963000 1.452000 5560.963000 1.452000 5560.963000 1.452000 5560.963000 1.452000
265.620000 5550.729000 1.346000 5550.729000 1.346000 5550.729000 1.346000 5550.729000 1.346000 5550.729000 1.346000 5550.729000 1.346000 5550.729000 1.346000 5550.729000 1.346000 5550.729000 1.346000 5550.729000 1.346000 5550.729000 1.346000 5550.729000 1.346000 5550.729000 1.346000 5550.729000 1.346000 5550.729000 1.346000 5550.729000 1.346000
269.530000 5557.763000 1.242000 5557.763000 1.242000 5557.763000 1.242000 5557.763000 1.242000 5557.763000 1.242000 5557.763000 1.242000 5557.763000 1.242000 5557.763000 1.242000 5557.763000 1.242000 5557.763000 1.242000 5557.763000 1.242000 5557.763000 1.242000 5557.763000 1.242000 5557.763000 1.242000 5557.763000 1.242000 5557.763000 1.242000
273.440000 5571.216000 1.140000 5571.216000 1.140000 5571.216000 1.140000 5571.216000 1.140000 5571.216000 1.140000 5571.216000 1.140000 5571.216000 1.140000 5571.216000 1.140000 5571.216000 1.140000 5571.216000 1.140000 5571.216000 1.140000 5571.216000 1.140000 5571.216000 1.140000 5571.216000 1.140000 5571.216000 1.140000 5571.216000 1.140000
277.340000 5584.059000 1.039000 5584.059000 1.039000 5584.059000 1.039000 5584.059000 1.039000 5584.059000 1.039000 5584.059000 1.039000 5584.059000 1.039000 5584.059000 1.039000 5584.059000 1.039000 5584.059000 1.039000 5584.059000 1.039000 5584.059000 1.039000 5584.059000 1.039000 5584.059000 1.039000 5584.059000 1.039000 5584.059000 1.039000
281.250000 5597.576000 0.940000 5597.576000 0.940000 5597.576000 0.940000 5597.576000 0.940000 5597.576000 0.940000 5597.576000 0.940000 5597.576000 0.940000 5597.576000 0.940000 5597.576000 0.940000 5597.576000 0.940000 5597.576000 0.940000 5597.576000 0.940000 5597.576000 0.940000 5597.576000 0.940000 5597.576000 0.940000 5597.576000 0.940000
285.160000 5608.542000 0.842000 5608.542000 0.842000 5608.542000 0.842000 5608.542000 0.842000 5608.542000 0.842000 5608.542000 0.842000 5608.542000 0.842000 5608.542000 0.842000 5608.542000 0.842000 5608.542000 0.842000 5608.542000 0.842000 5608.542000 0.842000 5608.542000 0.842000 5608.542000 0.842000 5608.542000 0.842000 5608.542000 0.842000
289.060000 5618.236000 0.746000 5618.236000 0.746000 5618.236000 0.746000 5618.236000 0.746000 5618.236000 0.746000 5618.236000 0.746000 5618.236000 0.746000 5618.236000 0.746000 5618.236000 0.746000 5618.236000 0.746000 5618.236000 0.746000 5618.236000 0.746000 5618.236000 0.746000 5618.236000 0.746000 5618.236000 0.746000 5618.236000 0.746000
292.970000 5627.947000 0.651000 5627.947000 0.651000 5627.947000 0.651000 5627.947000 0.651000 5627.947000 0.651000 5627.947000 0.651000 5627.947000 0.651000 5627.947000 0.651000 5627.947000 0.651000 5627.947000 0.651000 5627.947000 0.651000 5627.947000 0.651000 5627.947000 0.651000 5627.947000 0.651000 5627.947000 0.651000 5627.947000 0.651000
296.870000 5637.026000 0.557000 5637.026000 0.557000 5637.026000 0.557000 5637.026000 0.557000 5637.026000 0.557000 5637.026000 0.557000 5637.026000 0.557000 5637.026000 0.557000 5637.026000 0.557000 5637.026000 0.557000 5637.026000 0.557000 5637.026000 0.557000 5637.026000 0.557000 5637.026000 0.557000 5637.026000 0.557000 5637.026000 0.557000
300.780000 5645.469000 0.464000 5645.469000 0.464000 5645.469000 0.464000 5645.469000 0.464000 5645.469000 0.464000 5645.469000 0.464000 5645.469000 0.464000 5645.469000 0.464000 5645.469000 0.464000 5645.469000 0.464000 5645.469000 0.464000 5645.469000 0.464000 5645.469000 0.464000 5645.469000 0.464000 5645.469000 0.464000 5645.469000 0.464000
304.690000 5647.419000 0.372000 5647.419000 0.372000 5647.419000 0.372000 5647.419000 0.372000 5647.419000 0.372000 5647.419000 0.372000 5647.419000 0.372000 5647.419000 0.372000 5647.419000 0.372000 5647.419000 0.372000 5647.419000 0.372000 5647.419000 0.372000 5647.419000 0.372000 5647.419000 0.372000 5647.419000 0.372000 5647.419000 0.372000
308.590000 5650.020000 0.281000 5650.020000 0.281000 5650.020000 0.281000 5650.020000 0.281000 5650.020000 0.281000 5650.020000 0.281000 5650.020000 0.281000 5650.020000 0.281000 5650.020000 0.281000 5650.020000 0.281000 5650.020000 0.281000 5650.020000 0.281000 5650.020000 0.281000 5650.020000 0.281000 5650.020000 0.281000 5650.020000 0.281000
312.500000 5652.623000 0.191000 5652.623000 0.191000 5652.623000 0.191000 5652.623000 0.191000 5652.623000 0.191000 5652.623000 0.191000 5652.623000 0.191000 5652.623000 0.191000 5652.623000 0.191000 5652.623000 0.191000 5652.623000 0.191000 5652.623000 0.191000 5652.623000 0.191000 5652.623000 0.191000 5652.623000 0.191000 5652.623000 0.191000
316.410000 5655.226000 0.102000 5655.226000 0.102000 5655.226000 0.102000 5655.226000 0.102000 5655.226000 0.102000 5655.226000 0.102000 5655.226000 0.102000 5655.226000 0.102000 5655.226000 0.102000 5655.226000 0.102000 5655.226000 0.102000 5655.226000 0.102000 5655.226000 0.102000 5655.226000 0.102000 5655.226000 0.102000 5655.226000 0.102000
320.310000 5627.947000 0.014000 5627.947000 0.014000 5627.947000 0.014000 5627.947000 0.014000 5627.947000 0.014000 5627.947000 0.014000 5627.947000 0.014000 5627.947000 0.014000 5627.947000 0.014000 5627.947000 0.014000 5627.947000 0.014000 5627.947000 0.014000 5627.947000 0.014000 5627.947000 0.014000 5627.947000 0.014000 5627.947000 0.014000
324.220000 5598.220000 -0.074000 5598.220000 -0.074000 5598.220000 -0.074000 5598.220000 -0.074000 5598.220000 -0.074000 5598.220000 -0.074000 5598.220000 -0.074000 5598.220000 -0.074000 5598.220000 -0.074000 5598.220000 -0.074000 5598.220000 -0.074000 5598.220000 -0.074000 5598.220000 -0.074000 5598.220000 -0.074000 5598.220000 -0.074000 5598.220000 -0.074000
328.120000 5568.651000 -0.160000 5568.651000 -0.160000 5568.651000 -0.160000 5568.651000 -0.160000 5568.651000 -0.160000 5568.651000 -0.160000 5568.651000 -0.160000 5568.651000 -0.160000 5568.651000 -0.160000 5568.651000 -0.160000 5568.651000 -0.160000 5568.651000 -0.160000 5568.651000 -0.160000 5568.651000 -0.160000 5568.651000 -0.160000 5568.651000 -0.160000
332.030000 5539.238000 -0.245000 5539.238000 -0.245000 5539.238000 -0.245000 5539.238000 -0.245000 5539.238000 -0.245000 5539.238000 -0.245000 5539.238000 -0.245000 5539.238000 -0.245000 5539.238000 -0.245000 5539.238000 -0.245000 5539.238000 -0.245000 5539.238000 -0.245000 5539.238000 -0.245000 5539.238000 -0.245000 5539.238000 -0.245000 5539.238000 -0.245000
335.940000 5516.327000 -0.330000 5516.327000 -0.330000 5516.327000 -0.330000 5516.327000 -0.330000 5516.327000 -0.330000 5516.327000 -0.330000 5516.327000 -0.330000 5516.327000 -0.330000 5516.327000 -0.330000 5516.327000 -0.330000 5516.327000 -0.330000 5516.327000 -0.330000 5516.327000 -0.330000 5516.327000 -0.330000 5516.327000 -0.330000 5516.327000 -0.330000
339.840000 5496.674000 -0.414000 5496.674000 -0.414000 5496.674000 -0.414000 5496.674000 -0.414000 5496.674000 -0.414000 5496.674000 -0.414000 5496.674000 -0.414000 5496.674000 -0.414000 5496.674000 -0.414000 5496.674000 -0.414000 5496.674000 -0.414000 5496.674000 -0.414000 5496.674000 -0.414000 5496.674000 -0.414000 5496.674000 -0.414000 5496.674000 -0.414000
343.750000 5476.461000 -0.497000 5476.461000 -0.497000 5476.461000 -0.497000 5476.461000 -0.497000 5476.461000 -0.497000 5476.461000 -0.497000 5476.461000 -0.497000 5476.461000 -0.497000 5476.461000 -0.497000 5476.461000 -0.497000 5476.461000 -0.497000 5476.461000 -0.497000 5476.461000 -0.497000 5476.461000 -0.497000 5476.461000 -0.497000 5476.461000 -0.497000
347.660000 5456.950000 -0.580000 5456.950000 -0.580000 5456.950000 -0.580000 5456.950000 -0.580000 5456.950000 -0.580000 5456.950000 -0.580000 5456.950000 -0.580000 5456.950000 -0.580000 5456.950000 -0.580000 5456.950000 -0.580000 5456.950000 -0.580000 5456.950000 -0.580000 5456.950000 -0.580000 5456.950000 -0.580000 5456.950000 -0.580000 5456.950000 -0.580000
351.560000 5440.014000 -0.662000 5440.014000 -0.662000 5440.014000 -0.662000 5440.014000 -0.662000 5440.014000 -0.662000 5440.014000 -0.662000 5440.014000 -0.662000 5440.014000 -0.662000 5440.014000 -0.662000 5440.014000 -0.662000 5440.014000 -0.662000 5440.014000 -0.662000 5440.014000 -0.662000 5440.014000 -0.662000 5440.014000 -0.662000 5440.014000 -0.662000
355.470000 5428.127000 -0.743000 5428.127000 -0.743000 5428.127000 -0.743000 5428.127000 -0.743000 5428.127000 -0.743000 5428.127000 -0.743000 5428.127000 -0.743000 5428.127000 -0.743000 5428.127000 -0.743000 5428.127000 -0.743000 5428.127000 -0.743000 5428.127000 -0.743000 5428.127000 -0.743000 5428.127000 -0.743000 5428.127000 -0.743000 5428.127000 -0.743000
359.370000 5415.643000 -0.823000 5415.643000 -0.823000 5415.643000 -0.823000 5415.643000 -0.823000 5415.643000 -0.823000 5415.643000 -0.823000 5415.643000 -0.823000 5415.643000 -0.823000 5415.643000 -0.823000 5415.643000 -0.823000 5415.643000 -0.823000 5415.643000 -0.823000 5415.643000 -0.823000 5415.643000 -0.823000 5415.643000 -0.823000 5415.643000 -0.823000
363.280000 5403.809000 -0.903000 5403.809000 -0.903000 5403.809000 -0.903000 5403.809000 -0.903000 5403.809000 -0.903000 5403.809000 -0.903000 5403.809000 -0.903000 5403.809000 -0.903000 5403.809000 -0.903000 5403.809000 -0.903000 5403.809000 -0.903000 5403.809000 -0.903000 5403.809000 -0.903000 5403.809000 -0.903000 5403.809000 -0.903000 5403.809000 -0.903000
367.190000 5390.139000 -0.983000 5390.139000 -0.983000 5390.139000 -0.983000 5390.139000 -0.983000 5390.139000 -0.983000 5390.139000 -0.983000 5390.139000 -0.983000 5390.139000 -0.983000 5390.139000 -0.983000 5390.139000 -0.983000 5390.139000 -0.983000 5390.139000 -0.983000 5390.139000 -0.983000 5390.139000 -0.983000 5390.139000 -0.983000 5390.139000 -0.983000
371.090000 5368.463000 -1.061000 5368.463000 -1.061000 5368.463000 -1.061000 5368.463000 -1.061000 5368.463000 -1.061000 5368.463000 -1.061000 5368.463000 -1.061000 5368.463000 -1.061000 5368.463000 -1.061000 5368.463000 -1.061000 5368.463000 -1.061000 5368.463000 -1.061000 5368.463000 -1.061000 5368.463000 -1.061000 5368.463000 -1.061000 5368.463000 -1.061000
375.000000 5346.259000 -1.140000 5346.259000 -1.140000 5346.259000 -1.140000 5346.259000 -1.140000 5346.259000 -1.140000 5346.259000 -1.140000 5346.259000 -1.140000 5346.259000 -1.140000 5346.259000 -1.140000 5346.259000 -1.140000 5346.259000 -1.140000 5346.259000 -1.140000 5346.259000 -1.140000 5346.259000 -1.140000 5346.259000 -1.140000 5346.259000 -1.140000
378.910000 5324.760000 -1.218000 5324.760000 -1.218000 5324.760000 -1.218000 5324.760000 -1.218000 5324.760000 -1.218000 5324.760000 -1.218000 5324.760000 -1.218000 5324.760000 -1.218000 5324.760000 -1.218000 5324.760000 -1.218000 5324.760000 -1.218000 5324.760000 -1.218000 5324.760000 -1.218000 5324.760000 -1.218000 5324.760000 -1.218000 5324.760000 -1.218000
382.810000 5303.346000 -1.295000 5303.346000 -1.295000 5303.346000 -1.295000 5303.346000 -1.295000 5303.346000 -1.295000 5303.346000 -1.295000 5303.346000 -1.295000 5303.346000 -1.295000 5303.346000 -1.295000 5303.346000 -1.295000 5303.346000 -1.295000 5303.346000 -1.295000 5303.346000 -1.295000 5303.346000 -1.295000 5303.346000 -1.295000 5303.346000 -1.295000
386.720000 5313.736000 -1.372000 5313.736000 -1.372000 5313.736000 -1.372000 5313.736000 -1.372000 5313.736000 -1.372000 5313.736000 -1.372000 5313.736000 -1.372000 5313.736000 -1.372000 5313.736000 -1.372000 5313.736000 -1.372000 5313.736000 -1.372000 5313.736000 -1.372000 5313.736000 -1.372000 5313.736000 -1.372000 5313.736000 -1.372000 5313.736000 -1.372000
390.620000 5330.280000 -1.449000 5330.280000 -1.449000 5330.280000 -1.449000 5330.280000 -1.449000 5330.280000 -1.449000 5330.280000 -1.449000 5330.280000 -1.449000 5330.280000 -1.449000 5330.280000 -1.449000 5330.280000 -1.449000 5330.280000 -1.449000 5330.280000 -1.449000 5330.280000 -1.449000 5330.280000 -1.449000 5330.280000 -1.449000 5330.280000 -1.449000
394.530000 5346.259000 -1.526000 5346.259000 -1.526000 5346.259000 -1.526000 5346.259000 -1.526000 5346.259000 -1.526000 5346.259000 -1.526000 5346.259000 -1.526000 5346.259000 -1.526000 5346.259000 -1.526000 5346.259000 -1.526000 5346.259000 -1.526000 5346.259000 -1.526000 5346.259000 -1.526000 5346.259000 -1.526000 5346.259000 -1.526000 5346.259000 -1.526000
398.440000 5362.286000 -1.603000 5362.286000 -1.603000 5362.286000 -1.603000 5362.286000 -1.603000 5362.286000 -1.603000 5362.286000 -1.603000 5362.286000 -1.603000 5362.286000 -1.603000 5362.286000 -1.603000 5362.286000 -1.603000 5362.286000 -1.603000 5362.286000 -1.603000 5362.286000 -1.603000 5362.286000 -1.603000 5362.286000 -1.603000 5362.286000 -1.603000
402.340000 5355.500000 -1.679000 5355.500000 -1.679000 5355.500000 -1.679000 5355.500000 -1.679000 5355.500000 -1.679000 5355.500000 -1.679000 5355.500000 -1.679000 5355.500000 -1.679000 5355.500000 -1.679000 5355.500000 -1.679000 5355.500000 -1.679000 5355.500000 -1.679000 5355.500000 -1.679000 5355.500000 -1.679000 5355.500000 -1.679000 5355.500000 -1.679000
406.250000 5333.349000 -1.757000 5333.349000 -1.757000 5333.349000 -1.757000 5333.349000 -1.757000 5333.349000 -1.757000 5333.349000 -1.757000 5333.349000 -1.757000 5333.349000 -1.757000 5333.349000 -1.757000 5333.349000 -1.757000 5333.349000 -1.757000 5333.349000 -1.757000 5333.349000 -1.757000 5333.349000 -1.757000 5333.349000 -1.757000 5333.349000 -1.757000
410.160000 5311.290000 -1.835000 5311.290000 -1.835000 5311.290000 -1.835000 5311.290000 -1.835000 5311.290000 -1.835000 5311.290000 -1.835000 5311.290000 -1.835000 5311.290000 -1.835000 5311.290000 -1.835000 5311.290000 -1.835000 5311.290000 -1.835000 5311.290000 -1.835000 5311.290000 -1.835000 5311.290000 -1.835000 5311.290000 -1.835000 5311.290000 -1.835000
414.060000 5289.322000 -1.914000 5289.322000 -1.914000 5289.322000 -1.914000 5289.322000 -1.914000 5289.322000 -1.914000 5289.322000 -1.914000 5289.322000 -1.914000 5289.322000 -1.914000 5289.322000 -1.914000 5289.322000 -1.914000 5289.322000 -1.914000 5289.322000 -1.914000 5289.322000 -1.914000 5289.322000 -1.914000 5289.322000 -1.914000 5289.322000 -1.914000
417.970000 5248.075000 -1.996000 5248.075000 -1.996000 5248.075000 -1.996000 5248.075000 -1.996000 5248.075000 -1.996000 5248.075000 -1.996000 5248.075000 -1.996000 5248.075000 -1.996000 5248.075000 -1.996000 5248.075000 -1.996000 5248.075000 -1.996000 5248.075000 -1.996000 5248.075000 -1.996000 5248.075000 -1.996000 5248.075000 -1.996000 5248.075000 -1.996000
421.870000 5168.327000 -2.079000 5168.327000 -2.079000 5168.327000 -2.079000 5168.327000 -2.079000 5168.327000 -2.079000 5168.327000 -2.079000 5168.327000 -2.079000 5168.327000 -2.079000 5168.327000 -2.079000 5168.327000 -2.079000 5168.327000 -2.079000 5168.327000 -2.079000 5168.327000 -2.079000 5168.327000 -2.079000 5168.327000 -2.079000 5168.327000 -2.079000
425.780000 5089.206000 -2.168000 5089.206000 -2.168000 5089.206000 -2.168000 5089.206000 -2.168000 5089.206000 -2.168000 5089.206000 -2.168000 5089.206000 -2.168000 5089.206000 -2.168000 5089.206000 -2.168000 5089.206000 -2.168000 5089.206000 -2.168000 5089.206000 -2.168000 5089.206000 -2.168000 5089.206000 -2.168000 5089.206000 -2.168000 5089.206000 -2.168000
429.690000 5011.872000 -2.263000 5011.872000 -2.263000 5011.872000 -2.263000 5011.872000 -2.263000 5011.872000 -2.263000 5011.872000 -2.263000 5011.872000 -2.263000 5011.872000 -2.263000 5011.872000 -2.263000 5011.872000 -2.263000 5011.872000 -2.263000 5011.872000 -2.263000 5011.872000 -2.263000 5011.872000 -2.263000 5011.872000 -2.263000 5011.872000 -2.263000
433.590000 4531.584000 -2.370000 4531.584000 -2.370000 4531.584000 -2.370000 4531.584000 -2.370000 4531.584000 -2.370000 4531.584000 -2.370000 4531.584000 -2.370000 4531.584000 -2.370000 4531.584000 -2.370000 4531.584000 -2.370000 4531.584000 -2.370000 4531.584000 -2.370000 4531.584000 -2.370000 4531.584000 -2.370000 4531.584000 -2.370000 4531.584000 -2.370000
437.500000 1197.567000 -2.499000 1197.567000 -2.499000 1197.567000 -2.499000 1197.567000 -2.499000 1197.567000 -2.499000 1197.567000 -2.499000 1197.567000 -2.499000 1197.567000 -2.499000 1197.567000 -2.499000 1197.567000 -2.499000 1197.567000 -2.499000 1197.567000 -2.499000 1197.567000 -2.499000 1197.567000 -2.499000 1197.567000 -2.499000 1197.567000 -2.499000
441.410000 316.446000 -2.679000 316.446000 -2.679000 316.446000 -2.679000 316.446000 -2.679000 316.446000 -2.679000 316.446000 -2.679000 316.446000 -2.679000 316.446000 -2.679000 316.446000 -2.679000 316.446000 -2.679000 316.446000 -2.679000 316.446000 -2.679000 316.446000 -2.679000 316.446000 -2.679000 316.446000 -2.679000 316.446000 -2.679000
445.310000 83.628000 -3.018000 83.628000 -3.018000 83.628000 -3.018000 83.628000 -3.018000 83.628000 -3.018000 83.628000 -3.018000 83.628000 -3.018000 83.628000 -3.018000 83.628000 -3.018000 83.628000 -3.018000 83.628000 -3.018000 83.628000 -3.018000 83.628000 -3.018000 83.628000 -3.018000 83.628000 -3.018000 83.628000 -3.018000
449.220000 22.100000 2.531000 22.100000 2.531000 22.100000 2.531000 22.100000 2.531000 22.100000 2.531000 22.100000 2.531000 22.100000 2.531000 22.100000 2.531000 22.100000 2.531000 22.100000 2.531000 22.100000 2.531000 22.100000 2.531000 22.100000 2.531000 22.100000 2.531000 22.100000 2.531000 22.100000 2.531000
453.120000 48.173000 -0.366000 48.173000 -0.366000 48.173000 -0.366000 48.173000 -0.366000 48.173000 -0.366000 48.173000 -0.366000 48.173000 -0.366000 48.173000 -0.366000 48.173000 -0.366000 48.173000 -0.366000 48.173000 -0.366000 48.173000 -0.366000 48.173000 -0.366000 48.173000 -0.366000 48.173000 -0.366000 48.173000 -0.366000
457.030000 179.453000 -1.874000 179.453000 -1.874000 179.453000 -1.874000 179.453000 -1.874000 179.453000 -1.874000 179.453000 -1.874000 179.453000 -1.874000 179.453000 -1.874000 179.453000 -1.874000 179.453000 -1.874000 179.453000 -1.874000 179.453000 -1.874000 179.453000 -1.874000 179.453000 -1.874000 179.453000 -1.874000 179.453000 -1.874000
460.940000 668.575000 -2.207000 668.575000 -2.207000 668.575000 -2.207000 668.575000 -2.207000 668.575000 -2.207000 668.575000 -2.207000 668.575000 -2.207000 668.575000 -2.207000 668.575000 -2.207000 668.575000 -2.207000 668.575000 -2.207000 668.575000 -2.207000 668.575000 -2.207000 668.575000 -2.207000 668.575000 -2.207000 668.575000 -2.207000
464.840000 2490.577000 -2.386000 2490.577000 -2.386000 2490.577000 -2.386000 2490.577000 -2.386000 2490.577000 -2.386000 2490.577000 -2.386000 2490.577000 -2.386000 2490.577000 -2.386000 2490.577000 -2.386000 2490.577000 -2.386000 2490.577000 -2.386000 2490.577000 -2.386000 2490.577000 -2.386000 2490.577000 -2.386000 2490.577000 -2.386000 2490.577000 -2.386000
468.750000 4673.045000 -2.514000 4673.045000 -2.514000 4673.045000 -2.514000 4673.045000 -2.514000 4673.045000 -2.514000 4673.045000 -2.514000 4673.045000 -2.514000 4673.045000 -2.514000 4673.045000 -2.514000 4673.045000 -2.514000 4673.045000 -2.514000 4673.045000 -2.514000 4673.045000 -2.514000 4673.045000 -2.514000 4673.045000 -2.514000 4673.045000 -2.514000
472.660000 4802.308000 -2.619000 4802.308000 -2.619000 4802.308000 -2.619000 4802.308000 -2.619000 4802.308000 -2.619000 4802.308000 -2.619000 4802.308000 -2.619000 4802.308000 -2.619000 4802.308000 -2.619000 4802.308000 -2.619000 4802.308000 -2.619000 4802.308000 -2.619000 4802.308000 -2.619000 4802.308000 -2.619000 4802.308000 -2.619000 4802.308000 -2.619000
476.560000 4934.578000 -2.711000 4934.578000 -2.711000 4934.578000 -2.711000 4934.578000 -2.711000 4934.578000 -2.711000 4934.578000 -2.711000 4934.578000 -2.711000 4934.578000 -2.711000 4934.578000 -2.711000 4934.578000 -2.711000 4934.578000 -2.711000 4934.578000 -2.711000 4934.578000 -2.711000 4934.578000 -2.711000 4934.578000 -2.711000 4934.578000 -2.711000
480.470000 5070.491000 -2.795000 5070.491000 -2.795000 5070.491000 -2.795000 5070.491000 -2.795000 5070.491000 -2.795000 5070.491000 -2.795000 5070.491000 -2.795000 5070.491000 -2.795000 5070.491000 -2.795000 5070.491000 -2.795000 5070.491000 -2.795000 5070.491000 -2.795000 5070.491000 -2.795000 5070.491000 -2.795000 5070.491000 -2.795000 5070.491000 -2.795000
484.370000 5174.877000 -2.874000 5174.877000 -2.874000 5174.877000 -2.874000 5174.877000 -2.874000 5174.877000 -2.874000 5174.877000 -2.874000 5174.877000 -2.874000 5174.877000 -2.874000 5174.877000 -2.874000 5174.877000 -2.874000 5174.877000 -2.874000 5174.877000 -2.874000 5174.877000 -2.874000 5174.877000 -2.874000 5174.877000 -2.874000 5174.877000 -2.874000
488.280000 5183.224000 -2.950000 5183.224000 -2.950000 5183.224000 -2.950000 5183.224000 -2.950000 5183.224000 -2.950000 5183.224000 -2.950000 5183.224000 -2.950000 5183.224000 -2.950000 5183.224000 -2.950000 5183.224000 -2.950000 5183.224000 -2.950000 5183.224000 -2.950000 5183.224000 -2.950000 5183.224000 -2.950000 5183.224000 -2.950000 5183.224000 -2.950000
492.190000 5190.988000 -3.023000 5190.988000 -3.023000 5190.988000 -3.023000 5190.988000 -3.023000 5190.988000 -3.023000 5190.988000 -3.023000 5190.988000 -3.023000 5190.988000 -3.023000 5190.988000 -3.023000 5190.988000 -3.023000 5190.988000 -3.023000 5190.988000 -3.023000 5190.988000 -3.023000 5190.988000 -3.023000 5190.988000 -3.023000 5190.988000 -3.023000
496.090000 5198.763000 -3.095000 5198.763000 -3.095000 5198.763000 -3.095000 5198.763000 -3.095000 5198.763000 -3.095000 5198.763000 -3.095000 5198.763000 -3.095000 5198.763000 -3.095000 5198.763000 -3.095000 5198.763000 -3.095000 5198.763000 -3.095000 5198.763000 -3.095000 5198.763000 -3.095000 5198.763000 -3.095000 5198.763000 -3.095000 5198.763000 -3.095000
500.000000 5206.549000 3.118000 5206.549000 3.118000 5206.549000 3.118000 5206.549000 3.118000 5206.549000 3.118000 5206.549000 3.118000 5206.549000 3.118000 5206.549000 3.118000 5206.549000 3.118000 5206.549000 3.118000 5206.549000 3.118000 5206.549000 3.118000 5206.549000 3.118000 5206.549000 3.118000 5206.549000 3.118000 5206.549000 3.118000
503.910000 5205.351000 3.048000 5205.351000 3.048000 5205.351000 3.048000 5205.351000 3.048000 5205.351000 3.048000 5205.351000 3.048000 5205.351000 3.048000 5205.351000 3.048000 5205.351000 3.048000 5205.351000 3.048000 5205.351000 3.048000 5205.351000 3.048000 5205.351000 3.048000 5205.351000 3.048000 5205.351000 3.048000 5205.351000 3.048000
507.810000 5204.752000 2.980000 5204.752000 2.980000 5204.752000 2.980000 5204.752000 2.980000 5204.752000 2.980000 5204.752000 2.980000 5204.752000 2.980000 5204.752000 2.980000 5204.752000 2.980000 5204.752000 2.980000 5204.752000 2.980000 5204.752000 2.980000 5204.752000 2.980000 5204.752000 2.980000 5204.752000 2.980000 5204.752000 2.980000
511.720000 5203.553000 2.912000 5203.553000 2.912000 5203.553000 2.912000 5203.553000 2.912000 5203.553000 2.912000 5203.553000 2.912000 5203.553000 2.912000 5203.553000 2.912000 5203.553000 2.912000 5203.553000 2.912000 5203.553000 2.912000 5203.553000 2.912000 5203.553000 2.912000 5203.553000 2.912000 5203.553000 2.912000 5203.553000 2.912000
515.620000 5202.355000 2.844000 5202.355000 2.844000 5202.355000 2.844000 5202.355000 2.844000 5202.355000 2.844000 5202.355000 2.844000 5202.355000 2.844000 5202.355000 2.844000 5202.355000 2.844000 5202.355000 2.844000 5202.355000 2.844000 5202.355000 2.844000 5202.355000 2.844000 5202.355000 2.844000 5202.355000 2.844000 5202.355000 2.844000
519.530000 5196.967000 2.776000 5196.967000 2.776000 5196.967000 2.776000 5196.967000 2.776000 5196.967000 2.776000 5196.967000 2.776000 5196.967000 2.776000 5196.967000 2.776000 5196.967000 2.776000 5196.967000 2.776000 5196.967000 2.776000 5196.967000 2.776000 5196.967000 2.776000 5196.967000 2.776000 5196.967000 2.776000 5196.967000 2.776000
523.440000 5189.195000 2.709000 5189.195000 2.709000 5189.195000 2.709000 5189.195000 2.709000 5189.195000 2.709000 5189.195000 2.709000 5189.195000 2.709000 5189.195000 2.709000 5189.195000 2.709000 5189.195000 2.709000 5189.195000 2.709000 5189.195000 2.709000 5189.195000 2.709000 5189.195000 2.709000 5189.195000 2.709000 5189.195000 2.709000
527.340000 5181.434000 2.642000 5181.434000 2.642000 5181.434000 2.642000 5181.434000 2.642000 5181.434000 2.642000 5181.434000 2.642000 5181.434000 2.642000 5181.434000 2.642000 5181.434000 2.642000 5181.434000 2.642000 5181.434000 2.642000 5181.434000 2.642000 5181.434000 2.642000 5181.434000 2.642000 5181.434000 2.642000 5181.434000 2.642000
531.250000 5173.685000 2.574000 5173.685000 2.574000 5173.685000 2.574000 5173.685000 2.574000 5173.685000 2.574000 5173.685000 2.574000 5173.685000 2.574000 5173.685000 2.574000 5173.685000 2.574000 5173.685000 2.574000 5173.685000 2.574000 5173.685000 2.574000 5173.685000 2.574000 5173.685000 2.574000 5173.685000 2.574000 5173.685000 2.574000
535.160000 5161.786000 2.507000 5161.786000 2.507000 5161.786000 2.507000 5161.786000 2.507000 5161.786000 2.507000 5161.786000 2.507000 5161.786000 2.507000 5161.786000 2.507000 5161.786000 2.507000 5161.786000 2.507000 5161.786000 2.507000 5161.786000 2.507000 5161.786000 2.507000 5161.786000 2.507000 5161.786000 2.507000 5161.786000 2.507000
539.060000 5144.581000 2.439000 5144.581000 2.439000 5144.581000 2.439000 5144.581000 2.439000 5144.581000 2.439000 5144.581000 2.439000 5144.581000 2.439000 5144.581000 2.439000 5144.581000 2.439000 5144.581000 2.439000 5144.581000 2.439000 5144.581000 2.439000 5144.581000 2.439000 5144.581000 2.439000 5144.581000 2.439000 5144.581000 2.439000
542.970000 5127.433000 2.371000 5127.433000 2.371000 5127.433000 2.371000 5127.433000 2.371000 5127.433000 2.371000 5127.433000 2.371000 5127.433000 2.371000 5127.433000 2.371000 5127.433000 2.371000 5127.433000 2.371000 5127.433000 2.371000 5127.433000 2.371000 5127.433000 2.371000 5127.433000 2.371000 5127.433000 2.371000 5127.433000 2.371000
546.870000 5110.342000 2.303000 5110.342000 2.303000 5110.342000 2.303000 5110.342000 2.303000 5110.342000 2.303000 5110.342000 2.303000 5110.342000 2.303000 5110.342000 2.303000 5110.342000 2.303000 5110.342000 2.303000 5110.342000 2.303000 5110.342000 2.303000 5110.342000 2.303000 5110.342000 2.303000 5110.342000 2.303000 5110.342000 2.303000
550.780000 5088.034000 2.235000 5088.034000 2.235000 5088.034000 2.235000 5088.034000 2.235000 5088.034000 2.235000 5088.034000 2.235000 5088.034000 2.235000 5088.034000 2.235000 5088.034000 2.235000 5088.034000 2.235000 5088.034000 2.235000 5088.034000 2.235000 5088.034000 2.235000 5088.034000 2.235000 5088.034000 2.235000 5088.034000 2.235000
554.690000 5045.451000 2.166000 5045.451000 2.166000 5045.451000 2.166000 5045.451000 2.166000 5045.451000 2.166000 5045.451000 2.166000 5045.451000 2.166000 5045.451000 2.166000 5045.451000 2.166000 5045.451000 2.166000 5045.451000 2.166000 5045.451000 2.166000 5045.451000 2.166000 5045.451000 2.166000 5045.451000 2.166000 5045.451000 2.166000
558.590000 5003.801000 2.097000 5003.801000 2.097000 5003.801000 2.097000 5003.801000 2.097000 5003.801000 2.097000 5003.801000 2.097000 5003.801000 2.097000 5003.801000 2.097000 5003.801000 2.097000 5003.801000 2.097000 5003.801000 2.097000 5003.801000 2.097000 5003.801000 2.097000 5003.801000 2.097000 5003.801000 2.097000 5003.801000 2.097000
562.500000 4961.923000 2.027000 4961.923000 2.027000 4961.923000 2.027000 4961.923000 2.027000 4961.923000 2.027000 4961.923000 2.027000 4961.923000 2.027000 4961.923000 2.027000 4961.923000 2.027000 4961.923000 2.027000 4961.923000 2.027000 4961.923000 2.027000 4961.923000 2.027000 4961.923000 2.027000 4961.923000 2.027000 4961.923000 2.027000
566.410000 4920.395000 1.956000 4920.395000 1.956000 4920.395000 1.956000 4920.395000 1.956000 4920.395000 1.956000 4920.395000 1.956000 4920.395000 1.956000 4920.395000 1.956000 4920.395000 1.956000 4920.395000 1.956000 4920.395000 1.956000 4920.395000 1.956000 4920.395000 1.956000 4920.395000 1.956000 4920.395000 1.956000 4920.395000 1.956000
570.310000 4904.559000 1.885000 4904.559000 1.885000 4904.559000 1.885000 4904.559000 1.885000 4904.559000 1.885000 4904.559000 1.885000 4904.559000 1.885000 4904.559000 1.885000 4904.559000 1.885000 4904.559000 1.885000 4904.559000 1.885000 4904.559000 1.885000 4904.559000 1.885000 4904.559000 1.885000 4904.559000 1.885000 4904.559000 1.885000
574.220000 4891.026000 1.814000 4891.026000 1.814000 4891.026000 1.814000 4891.026000 1.814000 4891.026000 1.814000 4891.026000 1.814000 4891.026000 1.814000 4891.026000 1.814000 4891.026000 1.814000 4891.026000 1.814000 4891.026000 1.814000 4891.026000 1.814000 4891.026000 1.814000 4891.026000 1.814000 4891.026000 1.814000 4891.026000 1.814000
578.120000 4876.969000 1.742000 4876.969000 1.742000 4876.969000 1.742000 4876.969000 1.742000 4876.969000 1.742000 4876.969000 1.742000 4876.969000 1.742000 4876.969000 1.742000 4876.969000 1.742000 4876.969000 1.742000 4876.969000 1.742000 4876.969000 1.742000 4876.969000 1.742000 4876.969000 1.742000 4876.969000 1.742000 4876.969000 1.742000
582.030000 4863.512000 1.669000 4863.512000 1.669000 4863.512000 1.669000 4863.512000 1.669000 4863.512000 1.669000 4863.512000 1.669000 4863.512000 1.669000 4863.512000 1.669000 4863.512000 1.669000 4863.512000 1.669000 4863.512000 1.669000 4863.512000 1.669000 4863.512000 1.669000 4863.512000 1.669000 4863.512000 1.669000 4863.512000 1.669000
585.940000 4840.052000 1.595000 4840.052000 1.595000 4840.052000 1.595000 4840.052000 1.595000 4840.052000 1.595000 4840.052000 1.595000 4840.052000 1.595000 4840.052000 1.595000 4840.052000 1.595000 4840.052000 1.595000 4840.052000 1.595000 4840.052000 1.595000 4840.052000 1.595000 4840.052000 1.595000 4840.052000 1.595000 4840.052000 1.595000
589.840000 4812.270000 1.521000 4812.270000 1.521000 4812.270000 1.521000 4812.270000 1.521000 4812.270000 1.521000 4812.270000 1.521000 4812.270000 1.521000 4812.270000 1.521000 4812.270000 1.521000 4812.270000 1.521000 4812.270000 1.521000 4812.270000 1.521000 4812.270000 1.521000 4812.270000 1.521000 4812.270000 1.521000 4812.270000 1.521000
593.750000 4784.648000 1.445000 4784.648000 1.445000 4784.648000 1.445000 4784.648000 1.445000 4784.648000 1.445000 4784.648000 1.445000 4784.648000 1.445000 4784.648000 1.445000 4784.648000 1.445000 4784.648000 1.445000 4784.648000 1.445000 4784.648000 1.445000 4784.648000 1.445000 4784.648000 1.445000 4784.648000 1.445000 4784.648000 1.445000
597.660000 4757.185000 1.369000 4757.185000 1.369000 4757.185000 1.369000 4757.185000 1.369000 4757.185000 1.369000 4757.185000 1.369000 4757.185000 1.369000 4757.185000 1.369000 4757.185000 1.369000 4757.185000 1.369000 4757.185000 1.369000 4757.185000 1.369000 4757.185000 1.369000 4757.185000 1.369000 4757.185000 1.369000 4757.185000 1.369000
601.560000 4738.599000 1.292000 4738.599000 1.292000 4738.599000 1.292000 4738.599000 1.292000 4738.599000 1.292000 4738.599000 1.292000 4738.599000 1.292000 4738.599000 1.292000 4738.599000 1.292000 4738.599000 1.292000 4738.599000 1.292000 4738.599000 1.292000 4738.599000 1.292000 4738.599000 1.292000 4738.599000 1.292000 4738.599000 1.292000
605.470000 4733.692000 1.215000 4733.692000 1.215000 4733.692000 1.215000 4733.692000 1.215000 4733.692000 1.215000 4733.692000 1.215000 4733.692000 1.215000 4733.692000 1.215000 4733.692000 1.215000 4733.692000 1.215000 4733.692000 1.215000 4733.692000 1.215000 4733.692000 1.215000 4733.692000 1.215000 4733.692000 1.215000 4733.692000 1.215000
609.370000 4728.245000 1.136000 4728.245000 1.136000 4728.245000 1.136000 4728.245000 1.136000 4728.245000 1.136000 4728.245000 1.136000 4728.245000 1.136000 4728.245000 1.136000 4728.245000 1.136000 4728.245000 1.136000 4728.245000 1.136000 4728.245000 1.136000 4728.245000 1.136000 4728.245000 1.136000 4728.245000 1.136000 4728.245000 1.136000
613.280000 4723.349000 1.056000 4723.349000 1.056000 4723.349000 1.056000 4723.349000 1.056000 4723.349000 1.056000 4723.349000 1.056000 4723.349000 1.056000 4723.349000 1.056000 4723.349000 1.056000 4723.349000 1.056000 4723.349000 1.056000 4723.349000 1.056000 4723.349000 1.056000 4723.349000 1.056000 4723.349000 1.056000 4723.349000 1.056000
617.190000 4717.371000 0.976000 4717.371000 0.976000 4717.371000 0.976000 4717.371000 0.976000 4717.371000 0.976000 4717.371000 0.976000 4717.371000 0.976000 4717.371000 0.976000 4717.371000 0.976000 4717.371000 0.976000 4717.371000 0.976000 4717.371000 0.976000 4717.371000 0.976000 4717.371000 0.976000 4717.371000 0.976000 4717.371000 0.976000
621.090000 4704.896000 0.894000 4704.896000 0.894000 4704.896000 0.894000 4704.896000 0.894000 4704.896000 0.894000 4704.896000 0.894000 4704.896000 0.894000 4704.896000 0.894000 4704.896000 0.894000 4704.896000 0.894000 4704.896000 0.894000 4704.896000 0.894000 4704.896000 0.894000 4704.896000 0.894000 4704.896000 0.894000 4704.896000 0.894000
625.000000 4692.454000 0.812000 4692.454000 0.812000 4692.454000 0.812000 4692.454000 0.812000 4692.454000 0.812000 4692.454000 0.812000 4692.454000 0.812000 4692.454000 0.812000 4692.454000 0.812000 4692.454000 0.812000 4692.454000 0.812000 4692.454000 0.812000 4692.454000 0.812000 4692.454000 0.812000 4692.454000 0.812000 4692.454000 0.812000
628.910000 4680.045000 0.728000 4680.045000 0.728000 4680.045000 0.728000 4680.045000 0.728000 4680.045000 0.728000 4680.045000 0.728000 4680.045000 0.728000 4680.045000 0.728000 4680.045000 0.728000 4680.045000 0.728000 4680.045000 0.728000 4680.045000 0.728000 4680.045000 0.728000 4680.045000 0.728000 4680.045000 0.728000 4680.045000 0.728000
632.810000 4667.668000 0.643000 4667.668000 0.643000 4667.668000 0.643000 4667.668000 0.643000 4667.668000 0.643000 4667.668000 0.643000 4667.668000 0.643000 4667.668000 0.643000 4667.668000 0.643000 4667.668000 0.643000 4667.668000 0.643000 4667.668000 0.643000 4667.668000 0.643000 4667.668000 0.643000 4667.668000 0.643000 4667.668000 0.643000
636.720000 4673.045000 0.558000 4673.045000 0.558000 4673.045000 0.558000 4673.045000 0.558000 4673.045000 0.558000 4673.045000 0.558000 4673.045000 0.558000 4673.045000 0.558000 4673.045000 0.558000 4673.045000 0.558000 4673.045000 0.558000 4673.045000 0.558000 4673.045000 0.558000 4673.045000 0.558000 4673.045000 0.558000 4673.045000 0.558000
640.620000 4681.661000 0.471000 4681.661000 0.471000 4681.661000 0.471000 4681.661000 0.471000 4681.661000 0.471000 4681.661000 0.471000 4681.661000 0.471000 4681.661000 0.471000 4681.661000 0.471000 4681.661000 0.471000 4681.661000 0.471000 4681.661000 0.471000 4681.661000 0.471000 4681.661000 0.471000 4681.661000 0.471000 4681.661000 0.471000
644.530000 4689.753000 0.384000 4689.753000 0.384000 4689.753000 0.384000 4689.753000 0.384000 4689.753000 0.384000 4689.753000 0.384000 4689.753000 0.384000 4689.753000 0.384000 4689.753000 0.384000 4689.753000 0.384000 4689.753000 0.384000 4689.753000 0.384000 4689.753000 0.384000 4689.753000 0.384000 4689.753000 0.384000 4689.753000 0.384000
648.440000 4698.400000 0.295000 4698.400000 0.295000 4698.400000 0.295000 4698.400000 0.295000 4698.400000 0.295000 4698.400000 0.295000 4698.400000 0.295000 4698.400000 0.295000 4698.400000 0.295000 4698.400000 0.295000 4698.400000 0.295000 4698.400000 0.295000 4698.400000 0.295000 4698.400000 0.295000 4698.400000 0.295000 4698.400000 0.295000
652.340000 4682.740000 0.205000 4682.740000 0.205000 4682.740000 0.205000 4682.740000 0.205000 4682.740000 0.205000 4682.740000 0.205000 4682.740000 0.205000 4682.740000 0.205000 4682.740000 0.205000 4682.740000 0.205000 4682.740000 0.205000 4682.740000 0.205000 4682.740000 0.205000 4682.740000 0.205000 4682.740000 0.205000 4682.740000 0.205000
656.250000 4651.575000 0.115000 4651.575000 0.115000 4651.575000 0.115000 4651.575000 0.115000 4651.575000 0.115000 4651.575000 0.115000 4651.575000 0.115000 4651.575000 0.115000 4651.575000 0.115000 4651.575000 0.115000 4651.575000 0.115000 4651.575000 0.115000 4651.575000 0.115000 4651.575000 0.115000 4651.575000 0.115000 4651.575000 0.115000
660.160000 4620.617000 0.023000 4620.617000 0.023000 4620.617000 0.023000 4620.617000 0.023000 4620.617000 0.023000 4620.617000 0.023000 4620.617000 0.023000 4620.617000 0.023000 4620.617000 0.023000 4620.617000 0.023000 4620.617000 0.023000 4620.617000 0.023000 4620.617000 0.023000 4620.617000 0.023000 4620.617000 0.023000 4620.617000 0.023000
664.060000 4589.866000 -0.070000 4589.866000 -0.070000 4589.866000 -0.070000 4589.866000 -0.070000 4589.866000 -0.070000 4589.866000 -0.070000 4589.866000 -0.070000 4589.866000 -0.070000 4589.866000 -0.070000 4589.866000 -0.070000 4589.866000 -0.070000 4589.866000 -0.070000 4589.866000 -0.070000 4589.866000 -0.070000 4589.866000 -0.070000 4589.866000 -0.070000
667.970000 4564.046000 -0.164000 4564.046000 -0.164000 4564.046000 -0.164000 4564.046000 -0.164000 4564.046000 -0.164000 4564.046000 -0.164000 4564.046000 -0.164000 4564.046000 -0.164000 4564.046000 -0.164000 4564.046000 -0.164000 4564.046000 -0.164000 4564.046000 -0.164000 4564.046000 -0.164000 4564.046000 -0.164000 4564.046000 -0.164000 4564.046000 -0.164000
671.870000 4548.833000 -0.259000 4548.833000 -0.259000 4548.833000 -0.259000 4548.833000 -0.259000 4548.833000 -0.259000 4548.833000 -0.259000 4548.833000 -0.259000 4548.833000 -0.259000 4548.833000 -0.259000 4548.833000 -0.259000 4548.833000 -0.259000 4548.833000 -0.259000 4548.833000 -0.259000 4548.833000 -0.259000 4548.833000 -0.259000 4548.833000 -0.259000
675.780000 4533.671000 -0.355000 4533.671000 -0.355000 4533.671000 -0.355000 4533.671000 -0.355000 4533.671000 -0.355000 4533.671000 -0.355000 4533.671000 -0.355000 4533.671000 -0.355000 4533.671000 -0.355000 4533.671000 -0.355000 4533.671000 -0.355000 4533.671000 -0.355000 4533.671000 -0.355000 4533.671000 -0.355000 4533.671000 -0.355000 4533.671000 -0.355000
679.690000 4518.559000 -0.452000 4518.559000 -0.452000 4518.559000 -0.452000 4518.559000 -0.452000 4518.559000 -0.452000 4518.559000 -0.452000 4518.559000 -0.452000 4518.559000 -0.452000 4518.559000 -0.452000 4518.559000 -0.452000 4518.559000 -0.452000 4518.559000 -0.452000 4518.559000 -0.452000 4518.559000 -0.452000 4518.559000 -0.452000 4518.559000 -0.452000
683.590000 4504.017000 -0.550000 4504.017000 -0.550000 4504.017000 -0.550000 4504.017000 -0.550000 4504.017000 -0.550000 4504.017000 -0.550000 4504.017000 -0.550000 4504.017000 -0.550000 4504.017000 -0.550000 4504.017000 -0.550000 4504.017000 -0.550000 4504.017000 -0.550000 4504.017000 -0.550000 4504.017000 -0.550000 4504.017000 -0.550000 4504.017000 -0.550000
687.500000 4500.388000 -0.650000 4500.388000 -0.650000 4500.388000 -0.650000 4500.388000 -0.650000 4500.388000 -0.650000 4500.388000 -0.650000 4500.388000 -0.650000 4500.388000 -0.650000 4500.388000 -0.650000 4500.388000 -0.650000 4500.388000 -0.650000 4500.388000 -0.650000 4500.388000 -0.650000 4500.388000 -0.650000 4500.388000 -0.650000 4500.388000 -0.650000
691.410000 4496.763000 -0.751000 4496.763000 -0.751000 4496.763000 -0.751000 4496.763000 -0.751000 4496.763000 -0.751000 4496.763000 -0.751000 4496.763000 -0.751000 4496.763000 -0.751000 4496.763000 -0.751000 4496.763000 -0.751000 4496.763000 -0.751000 4496.763000 -0.751000 4496.763000 -0.751000 4496.763000 -0.751000 4496.763000 -0.751000 4496.763000 -0.751000
695.310000 4493.141000 -0.852000 4493.141000 -0.852000 4493.141000 -0.852000 4493.141000 -0.852000 4493.141000 -0.852000 4493.141000 -0.852000 4493.141000 -0.852000 4493.141000 -0.852000 4493.141000 -0.852000 4493.141000 -0.852000 4493.141000 -0.852000 4493.141000 -0.852000 4493.141000 -0.852000 4493.141000 -0.852000 4493.141000 -0.852000 4493.141000 -0.852000
699.220000 4489.521000 -0.956000 4489.521000 -0.956000 4489.521000 -0.956000 4489.521000 -0.956000 4489.521000 -0.956000 4489.521000 -0.956000 4489.521000 -0.956000 4489.521000 -0.956000 4489.521000 -0.956000 4489.521000 -0.956000 4489.521000 -0.956000 4489.521000 -0.956000 4489.521000 -0.956000 4489.521000 -0.956000 4489.521000 -0.956000 4489.521000 -0.956000
703.120000 4478.164000 -1.060000 4478.164000 -1.060000 4478.164000 -1.060000 4478.164000 -1.060000 4478.164000 -1.060000 4478.164000 -1.060000 4478.164000 -1.060000 4478.164000 -1.060000 4478.164000 -1.060000 4478.164000 -1.060000 4478.164000 -1.060000 4478.164000 -1.060000 4478.164000 -1.060000 4478.164000 -1.060000 4478.164000 -1.060000 4478.164000 -1.060000
707.030000 4465.293000 -1.166000 4465.293000 -1.166000 4465.293000 -1.166000 4465.293000 -1.166000 4465.293000 -1.166000 4465.293000 -1.166000 4465.293000 -1.166000 4465.293000 -1.166000 4465.293000 -1.166000 4465.293000 -1.166000 4465.293000 -1.166000 4465.293000 -1.166000 4465.293000 -1.166000 4465.293000 -1.166000 4465.293000 -1.166000 4465.293000 -1.166000
710.940000 4452.460000 -1.274000 4452.460000 -1.274000 4452.460000 -1.274000 4452.460000 -1.274000 4452.460000 -1.274000 4452.460000 -1.274000 4452.460000 -1.274000 4452.460000 -1.274000 4452.460000 -1.274000 4452.460000 -1.274000 4452.460000 -1.274000 4452.460000 -1.274000 4452.460000 -1.274000 4452.460000 -1.274000 4452.460000 -1.274000 4452.460000 -1.274000
714.840000 4439.663000 -1.383000 4439.663000 -1.383000 4439.663000 -1.383000 4439.663000 -1.383000 4439.663000 -1.383000 4439.663000 -1.383000 4439.663000 -1.383000 4439.663000 -1.383000 4439.663000 -1.383000 4439.663000 -1.383000 4439.663000 -1.383000 4439.663000 -1.383000 4439.663000 -1.383000 4439.663000 -1.383000 4439.663000 -1.383000 4439.663000 -1.383000
718.750000 4415.704000 -1.494000 4415.704000 -1.494000 4415.704000 -1.494000 4415.704000 -1.494000 4415.704000 -1.494000 4415.704000 -1.494000 4415.704000 -1.494000 4415.704000 -1.494000 4415.704000 -1.494000 4415.704000 -1.494000 4415.704000 -1.494000 4415.704000 -1.494000 4415.704000 -1.494000 4415.704000 -1.494000 4415.704000 -1.494000 4415.704000 -1.494000
722.660000 4381.774000 -1.607000 4381.774000 -1.607000 4381.774000 -1.607000 4381.774000 -1.607000 4381.774000 -1.607000 4381.774000 -1.607000 4381.774000 -1.607000 4381.774000 -1.607000 4381.774000 -1.607000 4381.774000 -1.607000 4381.774000 -1.607000 4381.774000 -1.607000 4381.774000 -1.607000 4381.774000 -1.607000 4381.774000 -1.607000 4381.774000 -1.607000
726.560000 4348.105000 -1.721000 4348.105000 -1.721000 4348.105000 -1.721000 4348.105000 -1.721000 4348.105000 -1.721000 4348.105000 -1.721000 4348.105000 -1.721000 4348.105000 -1.721000 4348.105000 -1.721000 4348.105000 -1.721000 4348.105000 -1.721000 4348.105000 -1.721000 4348.105000 -1.721000 4348.105000 -1.721000 4348.105000 -1.721000 4348.105000 -1.721000
730.470000 4314.694000 -1.838000 4314.694000 -1.838000 4314.694000 -1.838000 4314.694000 -1.838000 4314.694000 -1.838000 4314.694000 -1.838000 4314.694000 -1.838000 4314.694000 -1.838000 4314.694000 -1.838000 4314.694000 -1.838000 4314.694000 -1.838000 4314.694000 -1.838000 4314.694000 -1.838000 4314.694000 -1.838000 4314.694000 -1.838000 4314.694000 -1.838000
734.370000 4292.892000 -1.958000 4292.892000 -1.958000 4292.892000 -1.958000 4292.892000 -1.958000 4292.892000 -1.958000 4292.892000 -1.958000 4292.892000 -1.958000 4292.892000 -1.958000 4292.892000 -1.958000 4292.892000 -1.958000 4292.892000 -1.958000 4292.892000 -1.958000 4292.892000 -1.958000 4292.892000 -1.958000 4292.892000 -1.958000 4292.892000 -1.958000
738.280000 4304.275000 -2.080000 4304.275000 -2.080000 4304.275000 -2.080000 4304.275000 -2.080000 4304.275000 -2.080000 4304.275000 -2.080000 4304.275000 -2.080000 4304.275000 -2.080000 4304.275000 -2.080000 4304.275000 -2.080000 4304.275000 -2.080000 4304.275000 -2.080000 4304.275000 -2.080000 4304.275000 -2.080000 4304.275000 -2.080000 4304.275000 -2.080000
742.190000 4315.191000 -2.205000 4315.191000 -2.205000 4315.191000 -2.205000 4315.191000 -2.205000 4315.191000 -2.205000 4315.191000 -2.205000 4315.191000 -2.205000 4315.191000 -2.205000 4315.191000 -2.205000 4315.191000 -2.205000 4315.191000 -2.205000 4315.191000 -2.205000 4315.191000 -2.205000 4315.191000 -2.205000 4315.191000 -2.205000 4315.191000 -2.205000
746.090000 4326.134000 -2.333000 4326.134000 -2.333000 4326.134000 -2.333000 4326.134000 -2.333000 4326.134000 -2.333000 4326.134000 -2.333000 4326.134000 -2.333000 4326.134000 -2.333000 4326.134000 -2.333000 4326.134000 -2.333000 4326.134000 -2.333000 4326.134000 -2.333000 4326.134000 -2.333000 4326.134000 -2.333000 4326.134000 -2.333000 4326.134000 -2.333000
750.000000 4337.106000 -2.465000 4337.106000 -2.465000 4337.106000 -2.465000 4337.106000 -2.465000 4337.106000 -2.465000 4337.106000 -2.465000 4337.106000 -2.465000 4337.106000 -2.465000 4337.106000 -2.465000 4337.106000 -2.465000 4337.106000 -2.465000 4337.106000 -2.465000 4337.106000 -2.465000 4337.106000 -2.465000 4337.106000 -2.465000 4337.106000 -2.465000
753.910000 4286.966000 -2.601000 4286.966000 -2.601000 4286.966000 -2.601000 4286.966000 -2.601000 4286.966000 -2.601000 4286.966000 -2.601000 4286.966000 -2.601000 4286.966000 -2.601000 4286.966000 -2.601000 4286.966000 -2.601000 4286.966000 -2.601000 4286.966000 -2.601000 4286.966000 -2.601000 4286.966000 -2.601000 4286.966000 -2.601000 4286.966000 -2.601000
757.810000 4237.405000 -2.740000 4237.405000 -2.740000 4237.405000 -2.740000 4237.405000 -2.740000 4237.405000 -2.740000 4237.405000 -2.740000 4237.405000 -2.740000 4237.405000 -2.740000 4237.405000 -2.740000 4237.405000 -2.740000 4237.405000 -2.740000 4237.405000 -2.740000 4237.405000 -2.740000 4237.405000 -2.740000 4237.405000 -2.740000 4237.405000 -2.740000
761.720000 4188.418000 -2.884000 4188.418000 -2.884000 4188.418000 -2.884000 4188.418000 -2.884000 4188.418000 -2.884000 4188.418000 -2.884000 4188.418000 -2.884000 4188.418000 -2.884000 4188.418000 -2.884000 4188.418000 -2.884000 4188.418000 -2.884000 4188.418000 -2.884000 4188.418000 -2.884000 4188.418000 -2.884000 4188.418000 -2.884000 4188.418000 -2.884000
765.620000 4139.520000 -3.033000 4139.520000 -3.033000 4139.520000 -3.033000 4139.520000 -3.033000 4139.520000 -3.033000 4139.520000 -3.033000 4139.520000 -3.033000 4139.520000 -3.033000 4139.520000 -3.033000 4139.520000 -3.033000 4139.520000 -3.033000 4139.520000 -3.033000 4139.520000 -3.033000 4139.520000 -3.033000 4139.520000 -3.033000 4139.520000 -3.033000
769.530000 4089.781000 3.097000 4089.781000 3.097000 4089.781000 3.097000 4089.781000 3.097000 4089.781000 3.097000 4089.781000 3.097000 4089.781000 3.097000 4089.781000 3.097000 4089.781000 3.097000 4089.781000 3.097000 4089.781000 3.097000 4089.781000 3.097000 4089.781000 3.097000 4089.781000 3.097000 4089.781000 3.097000 4089.781000 3.097000
773.440000 4039.708000 2.937000 4039.708000 2.937000 4039.708000 2.937000 4039.708000 2.937000 4039.708000 2.937000 4039.708000 2.937000 4039.708000 2.937000 4039.708000 2.937000 4039.708000 2.937000 4039.708000 2.937000 4039.708000 2.937000 4039.708000 2.937000 4039.708000 2.937000 4039.708000 2.937000 4039.708000 2.937000 4039.708000 2.937000
777.340000 3989.790000 2.771000 3989.790000 2.771000 3989.790000 2.771000 3989.790000 2.771000 3989.790000 2.771000 3989.790000 2.771000 3989.790000 2.771000 3989.790000 2.771000 3989.790000 2.771000 3989.790000 2.771000 3989.790000 2.771000 3989.790000 2.771000 3989.790000 2.771000 3989.790000 2.771000 3989.790000 2.771000 3989.790000 2.771000
781.250000 3940.942000 2.598000 3940.942000 2.598000 3940.942000 2.598000 3940.942000 2.598000 3940.942000 2.598000 3940.942000 2.598000 3940.942000 2.598000 3940.942000 2.598000 3940.942000 2.598000 3940.942000 2.598000 3940.942000 2.598000 3940.942000 2.598000 3940.942000 2.598000 3940.942000 2.598000 3940.942000 2.598000 3940.942000 2.598000
785.160000 3897.176000 2.417000 3897.176000 2.417000 3897.176000 2.417000 3897.176000 2.417000 3897.176000 2.417000 3897.176000 2.417000 3897.176000 2.417000 3897.176000 2.417000 3897.176000 2.417000 3897.176000 2.417000 3897.176000 2.417000 3897.176000 2.417000 3897.176000 2.417000 3897.176000 2.417000 3897.176000 2.417000 3897.176000 2.417000
789.060000 3859.224000 2.228000 3859.224000 2.228000 3859.224000 2.228000 3859.224000 2.228000 3859.224000 2.228000 3859.224000 2.228000 3859.224000 2.228000 3859.224000 2.228000 3859.224000 2.228000 3859.224000 2.228000 3859.224000 2.228000 3859.224000 2.228000 3859.224000 2.228000 3859.224000 2.228000 3859.224000 2.228000 3859.224000 2.228000
792.970000 3821.202000 2.028000 3821.202000 2.028000 3821.202000 2.028000 3821.202000 2.028000 3821.202000 2.028000 3821.202000 2.028000 3821.202000 2.028000 3821.202000 2.028000 3821.202000 2.028000 3821.202000 2.028000 3821.202000 2.028000 3821.202000 2.028000 3821.202000 2.028000 3821.202000 2.028000 3821.202000 2.028000 3821.202000 2.028000
796.870000 3783.990000 1.817000 3783.990000 1.817000 3783.990000 1.817000 3783.990000 1.817000 3783.990000 1.817000 3783.990000 1.817000 3783.990000 1.817000 3783.990000 1.817000 3783.990000 1.817000 3783.990000 1.817000 3783.990000 1.817000 3783.990000 1.817000 3783.990000 1.817000 3783.990000 1.817000 3783.990000 1.817000 3783.990000 1.817000
800.780000 3741.106000 1.592000 3741.106000 1.592000 3741.106000 1.592000 3741.106000 1.592000 3741.106000 1.592000 3741.106000 1.592000 3741.106000 1.592000 3741.106000 1.592000 3741.106000 1.592000 3741.106000 1.592000 3741.106000 1.592000 3741.106000 1.592000 3741.106000 1.592000 3741.106000 1.592000 3741.106000 1.592000 3741.106000 1.592000
804.690000 3675.361000 1.351000 3675.361000 1.351000 3675.361000 1.351000 3675.361000 1.351000 3675.361000 1.351000 3675.361000 1.351000 3675.361000 1.351000 3675.361000 1.351000 3675.361000 1.351000 3675.361000 1.351000 3675.361000 1.351000 3675.361000 1.351000 3675.361000 1.351000 3675.361000 1.351000 3675.361000 1.351000 3675.361000 1.351000
808.590000 3610.771000 1.090000 3610.771000 1.090000 3610.771000 1.090000 3610.771000 1.090000 3610.771000 1.090000 3610.771000 1.090000 3610.771000 1.090000 3610.771000 1.090000 3610.771000 1.090000 3610.771000 1.090000 3610.771000 1.090000 3610.771000 1.090000 3610.771000 1.090000 3610.771000 1.090000 3610.771000 1.090000 3610.771000 1.090000
812.500000 3547.317000 0.806000 3547.317000 0.806000 3547.317000 0.806000 3547.317000 0.806000 3547.317000 0.806000 3547.317000 0.806000 3547.317000 0.806000 3547.317000 0.806000 3547.317000 0.806000 3547.317000 0.806000 3547.317000 0.806000 3547.317000 0.806000 3547.317000 0.806000 3547.317000 0.806000 3547.317000 0.806000 3547.317000 0.806000
816.410000 3485.379000 0.494000 3485.379000 0.494000 3485.379000 0.494000 3485.379000 0.494000 3485.379000 0.494000 3485.379000 0.494000 3485.379000 0.494000 3485.379000 0.494000 3485.379000 0.494000 3485.379000 0.494000 3485.379000 0.494000 3485.379000 0.494000 3485.379000 0.494000 3485.379000 0.494000 3485.379000 0.494000 3485.379000 0.494000
820.310000 3382.984000 0.155000 3382.984000 0.155000 3382.984000 0.155000 3382.984000 0.155000 3382.984000 0.155000 3382.984000 0.155000 3382.984000 0.155000 3382.984000 0.155000 3382.984000 0.155000 3382.984000 0.155000 3382.984000 0.155000 3382.984000 0.155000 3382.984000 0.155000 3382.984000 0.155000 3382.984000 0.155000 3382.984000 0.155000
824.220000 3280.953000 -0.210000 3280.953000 -0.210000 3280.953000 -0.210000 3280.953000 -0.210000 3280.953000 -0.210000 3280.953000 -0.210000 3280.953000 -0.210000 3280.953000 -0.210000 3280.953000 -0.210000 3280.953000 -0.210000 3280.953000 -0.210000 3280.953000 -0.210000 3280.953000 -0.210000 3280.953000 -0.210000 3280.953000 -0.210000 3280.953000 -0.210000
828.120000 3181.632000 -0.591000 3181.632000 -0.591000 3181.632000 -0.591000 3181.632000 -0.591000 3181.632000 -0.591000 3181.632000 -0.591000 3181.632000 -0.591000 3181.632000 -0.591000 3181.632000 -0.591000 3181.632000 -0.591000 3181.632000 -0.591000 3181.632000 -0.591000 3181.632000 -0.591000 3181.632000 -0.591000 3181.632000 -0.591000 3181.632000 -0.591000
832.030000 3085.674000 -0.975000 3085.674000 -0.975000 3085.674000 -0.975000 3085.674000 -0.975000 3085.674000 -0.975000 3085.674000 -0.975000 3085.674000 -0.975000 3085.674000 -0.975000 3085.674000 -0.975000 3085.674000 -0.975000 3085.674000 -0.975000 3085.674000 -0.975000 3085.674000 -0.975000 3085.674000 -0.975000 3085.674000 -0.975000 3085.674000 -0.975000
835.940000 2662.257000 -1.349000 2662.257000 -1.349000 2662.257000 -1.349000 2662.257000 -1.349000 2662.257000 -1.349000 2662.257000 -1.349000 2662.257000 -1.349000 2662.257000 -1.349000 2662.257000 -1.349000 2662.257000 -1.349000 2662.257000 -1.349000 2662.257000 -1.349000 2662.257000 -1.349000 2662.257000 -1.349000 2662.257000 -1.349000 2662.257000 -1.349000
839.840000 2164.213000 -1.705000 2164.213000 -1.705000 2164.213000 -1.705000 2164.213000 -1.705000 2164.213000 -1.705000 2164.213000 -1.705000 2164.213000 -1.705000 2164.213000 -1.705000 2164.213000 -1.705000 2164.213000 -1.705000 2164.213000 -1.705000 2164.213000 -1.705000 2164.213000 -1.705000 2164.213000 -1.705000 2164.213000 -1.705000 2164.213000 -1.705000
843.750000 1759.341000 -2.046000 1759.341000 -2.046000 1759.341000 -2.046000 1759.341000 -2.046000 1759.341000 -2.046000 1759.341000 -2.046000 1759.341000 -2.046000 1759.341000 -2.046000 1759.341000 -2.046000 1759.341000 -2.046000 1759.341000 -2.046000 1759.341000 -2.046000 1759.341000 -2.046000 1759.341000 -2.046000 1759.341000 -2.046000 1759.341000 -2.046000
847.660000 1430.211000 -2.376000 1430.211000 -2.376000 1430.211000 -2.376000 1430.211000 -2.376000 1430.211000 -2.376000 1430.211000 -2.376000 1430.211000 -2.376000 1430.211000 -2.376000 1430.211000 -2.376000 1430.211000 -2.376000 1430.211000 -2.376000 1430.211000 -2.376000 1430.211000 -2.376000 1430.211000 -2.376000 1430.211000 -2.376000 1430.211000 -2.376000
851.560000 1086.301000 -2.705000 1086.301000 -2.705000 1086.301000 -2.705000 1086.301000 -2.705000 1086.301000 -2.705000 1086.301000 -2.705000 1086.301000 -2.705000 1086.301000 -2.705000 1086.301000 -2.705000 1086.301000 -2.705000 1086.301000 -2.705000 1086.301000 -2.705000 1086.301000 -2.705000 1086.301000 -2.705000 1086.301000 -2.705000 1086.301000 -2.705000
855.470000 743.618000 -3.048000 743.618000 -3.048000 743.618000 -3.048000 743.618000 -3.048000 743.618000 -3.048000 743.618000 -3.048000 743.618000 -3.048000 743.618000 -3.048000 743.618000 -3.048000 743.618000 -3.048000 743.618000 -3.048000 743.618000 -3.048000 743.618000 -3.048000 743.618000 -3.048000 743.618000 -3.048000 743.618000 -3.048000
859.370000 508.979000 2.864000 508.979000 2.864000 508.979000 2.864000 508.979000 2.864000 508.979000 2.864000 508.979000 2.864000 508.979000 2.864000 508.979000 2.864000 508.979000 2.864000 508.979000 2.864000 508.979000 2.864000 508.979000 2.864000 508.979000 2.864000 508.979000 2.864000 508.979000 2.864000 508.979000 2.864000
863.280000 348.377000 2.454000 348.377000 2.454000 348.377000 2.454000 348.377000 2.454000 348.377000 2.454000 348.377000 2.454000 348.377000 2.454000 348.377000 2.454000 348.377000 2.454000 348.377000 2.454000 348.377000 2.454000 348.377000 2.454000 348.377000 2.454000 348.377000 2.454000 348.377000 2.454000 348.377000 2.454000
867.190000 238.342000 2.022000 238.342000 2.022000 238.342000 2.022000 238.342000 2.022000 238.342000 2.022000 238.342000 2.022000 238.342000 2.022000 238.342000 2.022000 238.342000 2.022000 238.342000 2.022000 238.342000 2.022000 238.342000 2.022000 238.342000 2.022000 238.342000 2.022000 238.342000 2.022000 238.342000 2.022000
871.090000 162.443000 1.613000 162.443000 1.613000 162.443000 1.613000 162.443000 1.613000 162.443000 1.613000 162.443000 1.613000 162.443000 1.613000 162.443000 1.613000 162.443000 1.613000 162.443000 1.613000 162.443000 1.613000 162.443000 1.613000 162.443000 1.613000 162.443000 1.613000 162.443000 1.613000 162.443000 1.613000
875.000000 110.726000 1.270000 110.726000 1.270000 110.726000 1.270000 110.726000 1.270000 110.726000 1.270000 110.726000 1.270000 110.726000 1.270000 110.726000 1.270000 110.726000 1.270000 110.726000 1.270000 110.726000 1.270000 110.726000 1.270000 110.726000 1.270000 110.726000 1.270000 110.726000 1.270000 110.726000 1.270000
878.910000 75.474000 1.011000 75.474000 1.011000 75.474000 1.011000 75.474000 1.011000 75.474000 1.011000 75.474000 1.011000 75.474000 1.011000 75.474000 1.011000 75.474000 1.011000 75.474000 1.011000 75.474000 1.011000 75.474000 1.011000 75.474000 1.011000 75.474000 1.011000 75.474000 1.011000 75.474000 1.011000
882.810000 51.446000 0.839000 51.446000 0.839000 51.446000 0.839000 51.446000 0.839000 51.446000 0.839000 51.446000 0.839000 51.446000 0.839000 51.446000 0.839000 51.446000 0.839000 51.446000 0.839000 51.446000 0.839000 51.446000 0.839000 51.446000 0.839000 51.446000 0.839000 51.446000 0.839000 51.446000 0.839000
886.720000 32.430000 0.764000 32.430000 0.764000 32.430000 0.764000 32.430000 0.764000 32.430000 0.764000 32.430000 0.764000 32.430000 0.764000 32.430000 0.764000 32.430000 0.764000 32.430000 0.764000 32.430000 0.764000 32.430000 0.764000 32.430000 0.764000 32.430000 0.764000 32.430000 0.764000 32.430000 0.764000
890.620000 20.188000 0.841000 20.188000 0.841000 20.188000 0.841000 20.188000 0.841000 20.188000 0.841000 20.188000 0.841000 20.188000 0.841000 20.188000 0.841000 20.188000 0.841000 20.188000 0.841000 20.188000 0.841000 20.188000 0.841000 20.188000 0.841000 20.188000 0.841000 20.188000 0.841000 20.188000 0.841000
894.530000 12.569000 1.280000 12.569000 1.280000 12.569000 1.280000 12.569000 1.280000 12.569000 1.280000 12.569000 1.280000 12.569000 1.280000 12.569000 1.280000 12.569000 1.280000 12.569000 1.280000 12.569000 1.280000 12.569000 1.280000 12.569000 1.280000 12.569000 1.280000 12.569000 1.280000 12.569000 1.280000
898.440000 7.824000 2.439000 7.824000 2.439000 7.824000 2.439000 7.824000 2.439000 7.824000 2.439000 7.824000 2.439000 7.824000 2.439000 7.824000 2.439000 7.824000 2.439000 7.824000 2.439000 7.824000 2.439000 7.824000 2.439000 7.824000 2.439000 7.824000 2.439000 7.824000 2.439000 7.824000 2.439000
902.340000 5.553000 -2.478000 5.553000 -2.478000 5.553000 -2.478000 5.553000 -2.478000 5.553000 -2.478000 5.553000 -2.478000 5.553000 -2.478000 5.553000 -2.478000 5.553000 -2.478000 5.553000 -2.478000 5.553000 -2.478000 5.553000 -2.478000 5.553000 -2.478000 5.553000 -2.478000 5.553000 -2.478000 5.553000 -2.478000
906.250000 4.309000 -1.618000 4.309000 -1.618000 4.309000 -1.618000 4.309000 -1.618000 4.309000 -1.618000 4.309000 -1.618000 4.309000 -1.618000 4.309000 -1.618000 4.309000 -1.618000 4.309000 -1.618000 4.309000 -1.618000 4.309000 -1.618000 4.309000 -1.618000 4.309000 -1.618000 4.309000 -1.618000 4.309000 -1.618000
910.160000 3.343000 -1.313000 3.343000 -1.313000 3.343000 -1.313000 3.343000 -1.313000 3.343000 -1.313000 3.343000 -1.313000 3.343000 -1.313000 3.343000 -1.313000 3.343000 -1.313000 3.343000 -1.313000 3.343000 -1.313000 3.343000 -1.313000 3.343000 -1.313000 3.343000 -1.313000 3.343000 -1.313000 3.343000 -1.313000
914.060000 2.594000 -1.205000 2.594000 -1.205000 2.594000 -1.205000 2.594000 -1.205000 2.594000 -1.205000 2.594000 -1.205000 2.594000 -1.205000 2.594000 -1.205000 2.594000 -1.205000 2.594000 -1.205000 2.594000 -1.205000 2.594000 -1.205000 2.594000 -1.205000 2.594000 -1.205000 2.594000 -1.205000 2.594000 -1.205000
917.970000 2.210000 -1.168000 2.210000 -1.168000 2.210000 -1.168000 2.210000 -1.168000 2.210000 -1.168000 2.210000 -1.168000 2.210000 -1.168000 2.210000 -1.168000 2.210000 -1.168000 2.210000 -1.168000 2.210000 -1.168000 2.210000 -1.168000 2.210000 -1.168000 2.210000 -1.168000 2.210000 -1.168000 2.210000 -1.168000
921.870000 2.274000 -1.158000 2.274000 -1.158000 2.274000 -1.158000 2.274000 -1.158000 2.274000 -1.158000 2.274000 -1.158000 2.274000 -1.158000 2.274000 -1.158000 2.274000 -1.158000 2.274000 -1.158000 2.274000 -1.158000 2.274000 -1.158000 2.274000 -1.158000 2.274000 -1.158000 2.274000 -1.158000 2.274000 -1.158000
925.780000 2.341000 -1.159000 2.341000 -1.159000 2.341000 -1.159000 2.341000 -1.159000 2.341000 -1.159000 2.341000 -1.159000 2.341000 -1.159000 2.341000 -1.159000 2.341000 -1.159000 2.341000 -1.159000 2.341000 -1.159000 2.341000 -1.159000 2.341000 -1.159000 2.341000 -1.159000 2.341000 -1.159000 2.341000 -1.159000
929.690000 2.410000 -1.160000 2.410000 -1.160000 2.410000 -1.160000 2.410000 -1.160000 2.410000 -1.160000 2.410000 -1.160000 2.410000 -1.160000 2.410000 -1.160000 2.410000 -1.160000 2.410000 -1.160000 2.410000 -1.160000 2.410000 -1.160000 2.410000 -1.160000 2.410000 -1.160000 2.410000 -1.160000 2.410000 -1.160000
933.590000 2.462000 -1.151000 2.462000 -1.151000 2.462000 -1.151000 2.462000 -1.151000 2.462000 -1.151000 2.462000 -1.151000 2.462000 -1.151000 2.462000 -1.151000 2.462000 -1.151000 2.462000 -1.151000 2.462000 -1.151000 2.462000 -1.151000 2.462000 -1.151000 2.462000 -1.151000 2.462000 -1.151000 2.462000 -1.151000
937.500000 2.246000 -1.121000 2.246000 -1.121000 2.246000 -1.121000 2.246000 -1.121000 2.246000 -1.121000 2.246000 -1.121000 2.246000 -1.121000 2.246000 -1.121000 2.246000 -1.121000 2.246000 -1.121000 2.246000 -1.121000 2.246000 -1.121000 2.246000 -1.121000 2.246000 -1.121000 2.246000 -1.121000 2.246000 -1.121000
941.410000 2.050000 -1.046000 2.050000 -1.046000 2.050000 -1.046000 2.050000 -1.046000 2.050000 -1.046000 2.050000 -1.046000 2.050000 -1.046000 2.050000 -1.046000 2.050000 -1.046000 2.050000 -1.046000 2.050000 -1.046000 2.050000 -1.046000 2.050000 -1.046000 2.050000 -1.046000 2.050000 -1.046000 2.050000 -1.046000
945.310000 1.870000 -0.865000 1.870000 -0.865000 1.870000 -0.865000 1.870000 -0.865000 1.870000 -0.865000 1.870000 -0.865000 1.870000 -0.865000 1.870000 -0.865000 1.870000 -0.865000 1.870000 -0.865000 1.870000 -0.865000 1.870000 -0.865000 1.870000 -0.865000 1.870000 -0.865000 1.870000 -0.865000 1.870000 -0.865000
949.220000 1.707000 -0.384000 1.707000 -0.384000 1.707000 -0.384000 1.707000 -0.384000 1.707000 -0.384000 1.707000 -0.384000 1.707000 -0.384000 1.707000 -0.384000 1.707000 -0.384000 1.707000 -0.384000 1.707000 -0.384000 1.707000 -0.384000 1.707000 -0.384000 1.707000 -0.384000 1.707000 -0.384000 1.707000 -0.384000
953.120000 1.505000 0.540000 1.505000 0.540000 1.505000 0.540000 1.505000 0.540000 1.505000 0.540000 1.505000 0.540000 1.505000 0.540000 1.505000 0.540000 1.505000 0.540000 1.505000 0.540000 1.505000 0.540000 1.505000 0.540000 1.505000 0.540000 1.505000 0.540000 1.505000 0.540000 1.505000 0.540000
957.030000 1.316000 1.153000 1.316000 1.153000 1.316000 1.153000 1.316000 1.153000 1.316000 1.153000 1.316000 1.153000 1.316000 1.153000 1.316000 1.153000 1.316000 1.153000 1.316000 1.153000 1.316000 1.153000 1.316000 1.153000 1.316000 1.153000 1.316000 1.153000 1.316000 1.153000 1.316000 1.153000
960.940000 1.150000 1.541000 1.150000 1.541000 1.150000 1.541000 1.150000 1.541000 1.150000 1.541000 1.150000 1.541000 1.150000 1.541000 1.150000 1.541000 1.150000 1.541000 1.150000 1.541000 1.150000 1.541000 1.150000 1.541000 1.150000 1.541000 1.150000 1.541000 1.150000 1.541000 1.150000 1.541000
964.840000 1.006000 2.123000 1.006000 2.123000 1.006000 2.123000 1.006000 2.123000 1.006000 2.123000 1.006000 2.123000 1.006000 2.123000 1.006000 2.123000 1.006000 2.123000 1.006000 2.123000 1.006000 2.123000 1.006000 2.123000 1.006000 2.123000 1.006000 2.123000 1.006000 2.123000 1.006000 2.123000
968.750000 0.878000 3.032000 0.878000 3.032000 0.878000 3.032000 0.878000 3.032000 0.878000 3.032000 0.878000 3.032000 0.878000 3.032000 0.878000 3.032000 0.878000 3.032000 0.878000 3.032000 0.878000 3.032000 0.878000 3.032000 0.878000 3.032000 0.878000 3.032000 0.878000 3.032000 0.878000 3.032000
972.660000 0.765000 -2.720000 0.765000 -2.720000 0.765000 -2.720000 0.765000 -2.720000 0.765000 -2.720000 0.765000 -2.720000 0.765000 -2.720000 0.765000 -2.720000 0.765000 -2.720000 0.765000 -2.720000 0.765000 -2.720000 0.765000 -2.720000 0.765000 -2.720000 0.765000 -2.720000 0.765000 -2.720000 0.765000 -2.720000
976.560000 0.667000 -2.514000 0.667000 -2.514000 0.667000 -2.514000 0.667000 -2.514000 0.667000 -2.514000 0.667000 -2.514000 0.667000 -2.514000 0.667000 -2.514000 0.667000 -2.514000 0.667000 -2.514000 0.667000 -2.514000 0.667000 -2.514000 0.667000 -2.514000 0.667000 -2.514000 0.667000 -2.514000 0.667000 -2.514000
980.470000 0.581000 -2.425000 0.581000 -2.425000 0.581000 -2.425000 0.581000 -2.425000 0.581000 -2.425000 0.581000 -2.425000 0.581000 -2.425000 0.581000 -2.425000 0.581000 -2.425000 0.581000 -2.425000 0.581000 -2.425000 0.581000 -2.425000 0.581000 -2.425000 0.581000 -2.425000 0.581000 -2.425000 0.581000 -2.425000
984.370000 0.505000 -2.384000 0.505000 -2.384000 0.505000 -2.384000 0.505000 -2.384000 0.505000 -2.384000 0.505000 -2.384000 0.505000 -2.384000 0.505000 -2.384000 0.505000 -2.384000 0.505000 -2.384000 0.505000 -2.384000 0.505000 -2.384000 0.505000 -2.384000 0.505000 -2.384000 0.505000 -2.384000 0.505000 -2.384000
988.280000 0.435000 -2.367000 0.435000 -2.367000 0.435000 -2.367000 0.435000 -2.367000 0.435000 -2.367000 0.435000 -2.367000 0.435000 -2.367000 0.435000 -2.367000 0.435000 -2.367000 0.435000 -2.367000 0.435000 -2.367000 0.435000 -2.367000 0.435000 -2.367000 0.435000 -2.367000 0.435000 -2.367000 0.435000 -2.367000
992.190000 0.375000 -2.363000 0.375000 -2.363000 0.375000 -2.363000 0.375000 -2.363000 0.375000 -2.363000 0.375000 -2.363000 0.375000 -2.363000 0.375000 -2.363000 0.375000 -2.363000 0.375000 -2.363000 0.375000 -2.363000 0.375000 -2.363000 0.375000 -2.363000 0.375000 -2.363000 0.375000 -2.363000 0.375000 -2.363000
996.090000 0.323000 -2.368000 0.323000 -2.368000 0.323000 -2.368000 0.323000 -2.368000 0.323000 -2.368000 0.323000 -2.368000 0.323000 -2.368000 0.323000 -2.368000 0.323000 -2.368000 0.323000 -2.368000 0.323000 -2.368000 0.323000 -2.368000 0.323000 -2.368000 0.323000 -2.368000 0.323000 -2.368000 0.323000 -2.368000
1000.000000 0.278000 -2.378000 0.278000 -2.378000 0.278000 -2.378000 0.278000 -2.378000 0.278000 -2.378000 0.278000 -2.378000 0.278000 -2.378000 0.278000 -2.378000 0.278000 -2.378000 0.278000 -2.378000 0.278000 -2.378000 0.278000 -2.378000 0.278000 -2.378000 0.278000 -2.378000 0.278000 -2.378000 0.278000 -2.378000
