//version
VERSION=0.1
EVENT_NUM=5
//evid nuflavorint nu_nubar pnu currentint posnu_r posnu_theta posnu_phi nnu_theta nnu_phi elast_y
//use -999 as a flag of random input
//   1 2 0 2.000e+01 1 3666.19334 -0.33859 4.53771 2.13653 1.81084 0.14443 
   1 -999 -999 2.000e+01 -999 -999 -0.33859 4.53771 2.13653 1.81084 -999
//   2 3 1 2.000e+01 1 3666.19334 -0.33859 4.53771 2.25600 1.52305 0.02829
   2 -999 -999 2.000e+01 -999 -999 -0.33859 4.53771 2.25600 1.52305 -999
   3 3 0 2.000e+01 1 1000 -0.78 3.14 2.17 0.32969 0.53350
   4 1 1 2.000e+01 1 3666.19334 -0.33859 4.53771 1.27277 0.41801 0.33688
   5 2 0 2.000e+01 1 3666.19334 -0.33859 4.53771 1.36963 0.40095 0.00098
