30 6.52441205153
31 6.63295457577
32 6.73977107626
33 6.84494169111
34 6.94854053793
35 7.05063632883
36 7.15129290696
37 7.25056971637
38 7.34852221522
39 7.44520224029
40 7.54065832975
41 7.6349360099
42 7.72807805051
43 7.82012469312
44 7.91111385548
45 8.00108131525
46 8.09006087545
47 8.1780845138
48 8.26518251782
49 8.35138360738
50 8.43671504605
51 8.52120274243
52 8.60487134266
53 8.68774431488
54 8.76984402669
55 8.851191816
56 8.93180805631
57 9.0117122166
58 9.09092291664
59 9.16945797796
60 9.24733447096
61 9.32456875853
62 9.40117653643
63 9.47717287081
64 9.55257223297
65 9.62738853178
66 9.70163514382
67 9.77532494147
68 9.84847031912
69 9.92108321771
70 9.99317514756
71 10.0647572099
72 10.1358401168
73 10.2064342102
74 10.2765494795
75 10.3461955781
76 10.415381839
77 10.4841172896
78 10.5524106657
79 10.620270424
80 10.687704755
