30 4.07775753221
31 4.14559660986
32 4.21235692266
33 4.27808855694
34 4.3428378362
35 4.40664770552
36 4.46955806685
37 4.53160607273
38 4.59282638451
39 4.65325140018
40 4.7129114561
41 4.77183500619
42 4.83004878157
43 4.8875779332
44 4.94444615968
45 5.00067582203
46 5.05628804716
47 5.11130282113
48 5.16573907364
49 5.21961475461
50 5.27294690378
51 5.32575171402
52 5.37804458916
53 5.4298401968
54 5.48115251668
55 5.531994885
56 5.58238003519
57 5.63232013538
58 5.6818268229
59 5.73091123623
60 5.77958404435
61 5.82785547408
62 5.87573533527
63 5.92323304425
64 5.9703576456
65 6.01711783236
66 6.06352196489
67 6.10957808842
68 6.15529394945
69 6.20067701107
70 6.24573446722
71 6.29047325617
72 6.334900073
73 6.37902138139
74 6.4228434247
75 6.46637223629
76 6.50961364935
77 6.55257330602
78 6.59525666605
79 6.63766901499
80 6.67981547185
