30 9.37884232408
31 9.53487220268
32 9.68842092213
33 9.83960368097
34 9.98852702327
35 10.1352897227
36 10.2799835538
37 10.4226939673
38 10.5635006844
39 10.7024782204
40 10.839696349
41 10.9752205142
42 11.1091121976
43 11.2414292464
44 11.3722261673
45 11.5015543907
46 11.6294625085
47 11.7559964886
48 11.8811998694
49 12.0051139356
50 12.1277778787
51 12.2492289422
52 12.3695025551
53 12.4886324526
54 12.6066507884
55 12.7235882355
56 12.8394740809
57 12.9543363114
58 13.0682016927
59 13.1810958433
60 13.293043302
61 13.4040675904
62 13.5141912711
63 13.6234360018
64 13.7318225849
65 13.8393710144
66 13.9461005192
67 14.0520296034
68 14.1571760837
69 14.2615571255
70 14.3651892746
71 14.4680884892
72 14.5702701679
73 14.6717491772
74 14.7725398768
75 14.8726561435
76 14.9721113935
77 15.0709186038
78 15.1690903319
79 15.2666387345
80 15.3635755852
