0.571199977723
0.721199977723
0.799800695235
0.825966036527
0.815430246143
0.783927568626
0.746950424766
0.712983105812
0.682589587584
0.655908728285
0.633079386122
0.614226566278
0.599111687582
0.587105693931
0.577560289905
0.569827180085
0.563258069051
0.557204661382
0.55101866166
0.544051774464
0.535655704375
0.525182155973
0.511982833838
0.495409442551
0.474813686691
0.44954727084
0.418961899576
0.382409277481
0.339241109135
0.288809099118
0.23046495201
0.163560372391
0.0874470648419
0.00147673394283
-0.0949989157261
-0.202628179585
-0.322059353052
-0.453940731549
-0.598920610495
-0.757647285309
-0.930769051412
-1.11893420422
-1.32279103916
-1.54298785165
-2.0801729371
-2.38499459094
-2.71223456883
-3.23061184212
-4.13436889849
-5.92420576122
-8.50082245357
