0 0 0
0 0 -100
1 0.169939 -99.7896
2 0.339931 -99.5792
3 0.509974 -99.3687
4 0.68007 -99.1583
5 0.850219 -98.9479
6 1.02042 -98.7375
7 1.19067 -98.5271
8 1.36098 -98.3166
9 1.53134 -98.1062
10 1.70176 -97.8958
11 1.87223 -97.6854
12 2.04275 -97.4749
13 2.21332 -97.2645
14 2.38396 -97.0541
15 2.55464 -96.8437
16 2.72538 -96.6333
17 2.89618 -96.4228
18 3.06703 -96.2124
19 3.23793 -96.002
20 3.4089 -95.7916
21 3.57991 -95.5812
22 3.75099 -95.3707
23 3.92212 -95.1603
24 4.0933 -94.9499
25 4.26455 -94.7395
26 4.43585 -94.5291
27 4.6072 -94.3186
28 4.77862 -94.1082
29 4.95009 -93.8978
30 5.12162 -93.6874
31 5.29321 -93.477
32 5.46485 -93.2665
33 5.63656 -93.0561
34 5.80832 -92.8457
35 5.98014 -92.6353
36 6.15202 -92.4248
37 6.32396 -92.2144
38 6.49596 -92.004
39 6.66802 -91.7936
40 6.84014 -91.5832
41 7.01232 -91.3727
42 7.18456 -91.1623
43 7.35686 -90.9519
44 7.52922 -90.7415
45 7.70165 -90.5311
46 7.87413 -90.3206
47 8.04668 -90.1102
48 8.21928 -89.8998
49 8.39195 -89.6894
50 8.56469 -89.479
51 8.73748 -89.2685
52 8.91034 -89.0581
53 9.08326 -88.8477
54 9.25624 -88.6373
55 9.42929 -88.4269
56 9.6024 -88.2164
57 9.77558 -88.006
58 9.94882 -87.7956
59 10.1221 -87.5852
60 10.2955 -87.3747
61 10.4689 -87.1643
62 10.6424 -86.9539
63 10.816 -86.7435
64 10.9896 -86.5331
65 11.1633 -86.3226
66 11.3371 -86.1122
67 11.5109 -85.9018
68 11.6848 -85.6914
69 11.8588 -85.481
70 12.0328 -85.2705
71 12.2069 -85.0601
72 12.3811 -84.8497
73 12.5553 -84.6393
74 12.7296 -84.4289
75 12.904 -84.2184
76 13.0784 -84.008
77 13.2529 -83.7976
78 13.4275 -83.5872
79 13.6021 -83.3768
80 13.7769 -83.1663
81 13.9516 -82.9559
82 14.1265 -82.7455
83 14.3014 -82.5351
84 14.4764 -82.3246
85 14.6515 -82.1142
86 14.8267 -81.9038
87 15.0019 -81.6934
88 15.1772 -81.483
89 15.3525 -81.2725
90 15.528 -81.0621
91 15.7035 -80.8517
92 15.879 -80.6413
93 16.0547 -80.4309
94 16.2304 -80.2204
95 16.4062 -80.01
96 16.5821 -79.7996
97 16.7581 -79.5892
98 16.9341 -79.3788
99 17.1102 -79.1683
100 17.2864 -78.9579
101 17.4626 -78.7475
102 17.639 -78.5371
103 17.8154 -78.3267
104 17.9918 -78.1162
105 18.1684 -77.9058
106 18.345 -77.6954
107 18.5218 -77.485
108 18.6986 -77.2745
109 18.8754 -77.0641
110 19.0524 -76.8537
111 19.2294 -76.6433
112 19.4065 -76.4329
113 19.5837 -76.2224
114 19.761 -76.012
115 19.9384 -75.8016
116 20.1158 -75.5912
117 20.2933 -75.3808
118 20.4709 -75.1703
119 20.6486 -74.9599
120 20.8263 -74.7495
121 21.0042 -74.5391
122 21.1821 -74.3287
123 21.3601 -74.1182
124 21.5382 -73.9078
125 21.7164 -73.6974
126 21.8946 -73.487
127 22.073 -73.2766
128 22.2514 -73.0661
129 22.4299 -72.8557
130 22.6085 -72.6453
131 22.7872 -72.4349
132 22.966 -72.2244
133 23.1449 -72.014
134 23.3238 -71.8036
135 23.5028 -71.5932
136 23.682 -71.3828
137 23.8612 -71.1723
138 24.0405 -70.9619
139 24.2199 -70.7515
140 24.3993 -70.5411
141 24.5789 -70.3307
142 24.7586 -70.1202
143 24.9383 -69.9098
144 25.1181 -69.6994
145 25.2981 -69.489
146 25.4781 -69.2786
147 25.6582 -69.0681
148 25.8384 -68.8577
149 26.0187 -68.6473
150 26.1991 -68.4369
151 26.3796 -68.2265
152 26.5602 -68.016
153 26.7408 -67.8056
154 26.9216 -67.5952
155 27.1025 -67.3848
156 27.2834 -67.1743
157 27.4645 -66.9639
158 27.6456 -66.7535
159 27.8269 -66.5431
160 28.0082 -66.3327
161 28.1896 -66.1222
162 28.3712 -65.9118
163 28.5528 -65.7014
164 28.7346 -65.491
165 28.9164 -65.2806
166 29.0983 -65.0701
167 29.2804 -64.8597
168 29.4625 -64.6493
169 29.6447 -64.4389
170 29.8271 -64.2285
171 30.0095 -64.018
172 30.192 -63.8076
173 30.3747 -63.5972
174 30.5574 -63.3868
175 30.7403 -63.1764
176 30.9232 -62.9659
177 31.1063 -62.7555
178 31.2895 -62.5451
179 31.4727 -62.3347
180 31.6561 -62.1242
181 31.8396 -61.9138
182 32.0232 -61.7034
183 32.2069 -61.493
184 32.3907 -61.2826
185 32.5746 -61.0721
186 32.7586 -60.8617
187 32.9427 -60.6513
188 33.127 -60.4409
189 33.3113 -60.2305
190 33.4958 -60.02
191 33.6803 -59.8096
192 33.865 -59.5992
193 34.0498 -59.3888
194 34.2347 -59.1784
195 34.4197 -58.9679
196 34.6049 -58.7575
197 34.7901 -58.5471
198 34.9755 -58.3367
199 35.161 -58.1263
200 35.3466 -57.9158
201 35.5323 -57.7054
202 35.7181 -57.495
203 35.904 -57.2846
204 36.0901 -57.0741
205 36.2763 -56.8637
206 36.4626 -56.6533
207 36.649 -56.4429
208 36.8355 -56.2325
209 37.0222 -56.022
210 37.209 -55.8116
211 37.3959 -55.6012
212 37.5829 -55.3908
213 37.77 -55.1804
214 37.9573 -54.9699
215 38.1447 -54.7595
216 38.3322 -54.5491
217 38.5198 -54.3387
218 38.7076 -54.1283
219 38.8955 -53.9178
220 39.0835 -53.7074
221 39.2717 -53.497
222 39.4599 -53.2866
223 39.6483 -53.0762
224 39.8369 -52.8657
225 40.0255 -52.6553
226 40.2143 -52.4449
227 40.4032 -52.2345
228 40.5923 -52.024
229 40.7815 -51.8136
230 40.9708 -51.6032
231 41.1603 -51.3928
232 41.3498 -51.1824
233 41.5396 -50.9719
234 41.7294 -50.7615
235 41.9194 -50.5511
236 42.1095 -50.3407
237 42.2998 -50.1303
238 42.4902 -49.9198
239 42.6807 -49.7094
240 42.8714 -49.499
241 43.0622 -49.2886
242 43.2532 -49.0782
243 43.4443 -48.8677
244 43.6355 -48.6573
245 43.8269 -48.4469
246 44.0184 -48.2365
247 44.2101 -48.0261
248 44.4019 -47.8156
249 44.5939 -47.6052
250 44.786 -47.3948
251 44.9783 -47.1844
252 45.1707 -46.9739
253 45.3632 -46.7635
254 45.5559 -46.5531
255 45.7487 -46.3427
256 45.9417 -46.1323
257 46.1349 -45.9218
258 46.3282 -45.7114
259 46.5216 -45.501
260 46.7153 -45.2906
261 46.909 -45.0802
262 47.1029 -44.8697
263 47.297 -44.6593
264 47.4912 -44.4489
265 47.6856 -44.2385
266 47.8801 -44.0281
267 48.0748 -43.8176
268 48.2697 -43.6072
269 48.4647 -43.3968
270 48.6599 -43.1864
271 48.8552 -42.976
272 49.0507 -42.7655
273 49.2464 -42.5551
274 49.4422 -42.3447
275 49.6382 -42.1343
276 49.8344 -41.9238
277 50.0307 -41.7134
278 50.2272 -41.503
279 50.4239 -41.2926
280 50.6207 -41.0822
281 50.8177 -40.8717
282 51.0149 -40.6613
283 51.2122 -40.4509
284 51.4098 -40.2405
285 51.6075 -40.0301
286 51.8053 -39.8196
287 52.0034 -39.6092
288 52.2016 -39.3988
289 52.4 -39.1884
290 52.5986 -38.978
291 52.7973 -38.7675
292 52.9963 -38.5571
293 53.1954 -38.3467
294 53.3947 -38.1363
295 53.5941 -37.9259
296 53.7938 -37.7154
297 53.9937 -37.505
298 54.1937 -37.2946
299 54.3939 -37.0842
300 54.5943 -36.8737
301 54.7949 -36.6633
302 54.9957 -36.4529
303 55.1967 -36.2425
304 55.3979 -36.0321
305 55.5992 -35.8216
306 55.8008 -35.6112
307 56.0025 -35.4008
308 56.2045 -35.1904
309 56.4066 -34.98
310 56.609 -34.7695
311 56.8115 -34.5591
312 57.0142 -34.3487
313 57.2172 -34.1383
314 57.4203 -33.9279
315 57.6237 -33.7174
316 57.8272 -33.507
317 58.031 -33.2966
318 58.235 -33.0862
319 58.4391 -32.8758
320 58.6435 -32.6653
321 58.8481 -32.4549
322 59.0529 -32.2445
323 59.2579 -32.0341
324 59.4632 -31.8236
325 59.6686 -31.6132
326 59.8743 -31.4028
327 60.0801 -31.1924
328 60.2862 -30.982
329 60.4926 -30.7715
330 60.6991 -30.5611
331 60.9059 -30.3507
332 61.1128 -30.1403
333 61.3201 -29.9299
334 61.5275 -29.7194
335 61.7352 -29.509
336 61.9431 -29.2986
337 62.1512 -29.0882
338 62.3595 -28.8778
339 62.5681 -28.6673
340 62.7769 -28.4569
341 62.986 -28.2465
342 63.1953 -28.0361
343 63.4048 -27.8257
344 63.6146 -27.6152
345 63.8246 -27.4048
346 64.0348 -27.1944
347 64.2453 -26.984
348 64.4561 -26.7735
349 64.6671 -26.5631
350 64.8783 -26.3527
351 65.0898 -26.1423
352 65.3015 -25.9319
353 65.5135 -25.7214
354 65.7258 -25.511
355 65.9383 -25.3006
356 66.151 -25.0902
357 66.3641 -24.8798
358 66.5773 -24.6693
359 66.7909 -24.4589
360 67.0047 -24.2485
361 67.2187 -24.0381
362 67.4331 -23.8277
363 67.6477 -23.6172
364 67.8625 -23.4068
365 68.0777 -23.1964
366 68.2931 -22.986
367 68.5088 -22.7756
368 68.7248 -22.5651
369 68.941 -22.3547
370 69.1575 -22.1443
371 69.3743 -21.9339
372 69.5914 -21.7234
373 69.8088 -21.513
374 70.0265 -21.3026
375 70.2444 -21.0922
376 70.4627 -20.8818
377 70.6812 -20.6713
378 70.9 -20.4609
379 71.1192 -20.2505
380 71.3386 -20.0401
381 71.5583 -19.8297
382 71.7783 -19.6192
383 71.9987 -19.4088
384 72.2193 -19.1984
385 72.4403 -18.988
386 72.6615 -18.7776
387 72.8831 -18.5671
388 73.105 -18.3567
389 73.3272 -18.1463
390 73.5497 -17.9359
391 73.7725 -17.7255
392 73.9957 -17.515
393 74.2192 -17.3046
394 74.443 -17.0942
395 74.6671 -16.8838
396 74.8916 -16.6733
397 75.1164 -16.4629
398 75.3415 -16.2525
399 75.567 -16.0421
400 75.7928 -15.8317
401 76.019 -15.6212
402 76.2455 -15.4108
403 76.4724 -15.2004
404 76.6996 -14.99
405 76.9271 -14.7796
406 77.155 -14.5691
407 77.3833 -14.3587
408 77.6119 -14.1483
409 77.8409 -13.9379
410 78.0703 -13.7275
411 78.3 -13.517
412 78.5301 -13.3066
413 78.7605 -13.0962
414 78.9914 -12.8858
415 79.2226 -12.6754
416 79.4542 -12.4649
417 79.6862 -12.2545
418 79.9185 -12.0441
419 80.1513 -11.8337
420 80.3844 -11.6232
421 80.618 -11.4128
422 80.8519 -11.2024
423 81.0862 -10.992
424 81.321 -10.7816
425 81.5561 -10.5711
426 81.7917 -10.3607
427 82.0276 -10.1503
428 82.264 -9.93988
429 82.5008 -9.72946
430 82.738 -9.51904
431 82.9757 -9.30862
432 83.2138 -9.0982
433 83.4523 -8.88778
434 83.6912 -8.67735
435 83.9306 -8.46693
436 84.1704 -8.25651
437 84.4107 -8.04609
438 84.6514 -7.83567
439 84.8925 -7.62525
440 85.1342 -7.41483
441 85.3762 -7.20441
442 85.6188 -6.99399
443 85.8618 -6.78357
444 86.1053 -6.57315
445 86.3492 -6.36273
446 86.5936 -6.1523
447 86.8385 -5.94188
448 87.0839 -5.73146
449 87.3298 -5.52104
450 87.5762 -5.31062
451 87.8231 -5.1002
452 88.0704 -4.88978
453 88.3183 -4.67936
454 88.5667 -4.46894
455 88.8156 -4.25852
456 89.065 -4.0481
457 89.3149 -3.83768
458 89.5654 -3.62725
459 89.8164 -3.41683
460 90.0679 -3.20641
461 90.32 -2.99599
462 90.5726 -2.78557
463 90.8258 -2.57515
464 91.0795 -2.36473
465 91.3338 -2.15431
466 91.5886 -1.94389
467 91.844 -1.73347
468 92.1 -1.52305
469 92.3566 -1.31263
470 92.6137 -1.1022
471 92.8714 -0.891784
472 93.1298 -0.681363
473 93.3887 -0.470942
474 93.6482 -0.260521
475 93.9084 -0.0501002
476 94.1688 -0.160321
477 94.4286 -0.370741
478 94.6878 -0.581162
479 94.9464 -0.791583
480 95.2044 -1.002
481 95.4619 -1.21242
482 95.7187 -1.42285
483 95.975 -1.63327
484 96.2306 -1.84369
485 96.4858 -2.05411
486 96.7403 -2.26453
487 96.9943 -2.47495
488 97.2477 -2.68537
489 97.5006 -2.89579
490 97.7529 -3.10621
491 98.0047 -3.31663
492 98.2559 -3.52705
493 98.5067 -3.73747
494 98.7569 -3.9479
495 99.0065 -4.15832
496 99.2557 -4.36874
497 99.5043 -4.57916
498 99.7524 -4.78958
499 100 -5
