0 0 0
0 0 -100
1 0.171679 -99.8096
2 0.34341 -99.6192
3 0.515194 -99.4289
4 0.68703 -99.2385
5 0.858919 -99.0481
6 1.03086 -98.8577
7 1.20286 -98.6673
8 1.3749 -98.477
9 1.54701 -98.2866
10 1.71916 -98.0962
11 1.89137 -97.9058
12 2.06363 -97.7154
13 2.23595 -97.5251
14 2.40832 -97.3347
15 2.58075 -97.1443
16 2.75323 -96.9539
17 2.92576 -96.7635
18 3.09835 -96.5731
19 3.271 -96.3828
20 3.4437 -96.1924
21 3.61646 -96.002
22 3.78927 -95.8116
23 3.96214 -95.6212
24 4.13507 -95.4309
25 4.30805 -95.2405
26 4.48109 -95.0501
27 4.65419 -94.8597
28 4.82734 -94.6693
29 5.00055 -94.479
30 5.17382 -94.2886
31 5.34714 -94.0982
32 5.52052 -93.9078
33 5.69397 -93.7174
34 5.86747 -93.5271
35 6.04102 -93.3367
36 6.21464 -93.1463
37 6.38832 -92.9559
38 6.56205 -92.7655
39 6.73585 -92.5752
40 6.9097 -92.3848
41 7.08361 -92.1944
42 7.25759 -92.004
43 7.43162 -91.8136
44 7.60571 -91.6232
45 7.77987 -91.4329
46 7.95408 -91.2425
47 8.12836 -91.0521
48 8.3027 -90.8617
49 8.4771 -90.6713
50 8.65156 -90.481
51 8.82608 -90.2906
52 9.00066 -90.1002
53 9.17531 -89.9098
54 9.35002 -89.7194
55 9.52479 -89.5291
56 9.69963 -89.3387
57 9.87453 -89.1483
58 10.0495 -88.9579
59 10.2245 -88.7675
60 10.3996 -88.5772
61 10.5748 -88.3868
62 10.75 -88.1964
63 10.9253 -88.006
64 11.1006 -87.8156
65 11.276 -87.6253
66 11.4515 -87.4349
67 11.627 -87.2445
68 11.8027 -87.0541
69 11.9783 -86.8637
70 12.1541 -86.6733
71 12.3299 -86.483
72 12.5058 -86.2926
73 12.6817 -86.1022
74 12.8577 -85.9118
75 13.0338 -85.7214
76 13.2099 -85.5311
77 13.3861 -85.3407
78 13.5624 -85.1503
79 13.7388 -84.9599
80 13.9152 -84.7695
81 14.0917 -84.5792
82 14.2682 -84.3888
83 14.4449 -84.1984
84 14.6215 -84.008
85 14.7983 -83.8176
86 14.9751 -83.6273
87 15.1521 -83.4369
88 15.329 -83.2465
89 15.5061 -83.0561
90 15.6832 -82.8657
91 15.8604 -82.6754
92 16.0376 -82.485
93 16.215 -82.2946
94 16.3924 -82.1042
95 16.5699 -81.9138
96 16.7474 -81.7234
97 16.925 -81.5331
98 17.1027 -81.3427
99 17.2805 -81.1523
100 17.4584 -80.9619
101 17.6363 -80.7715
102 17.8143 -80.5812
103 17.9923 -80.3908
104 18.1705 -80.2004
105 18.3487 -80.01
106 18.527 -79.8196
107 18.7054 -79.6293
108 18.8838 -79.4389
109 19.0623 -79.2485
110 19.2409 -79.0581
111 19.4196 -78.8677
112 19.5984 -78.6774
113 19.7772 -78.487
114 19.9561 -78.2966
115 20.1351 -78.1062
116 20.3142 -77.9158
117 20.4933 -77.7255
118 20.6725 -77.5351
119 20.8519 -77.3447
120 21.0312 -77.1543
121 21.2107 -76.9639
122 21.3902 -76.7735
123 21.5699 -76.5832
124 21.7496 -76.3928
125 21.9294 -76.2024
126 22.1092 -76.012
127 22.2892 -75.8216
128 22.4692 -75.6313
129 22.6493 -75.4409
130 22.8295 -75.2505
131 23.0098 -75.0601
132 23.1902 -74.8697
133 23.3706 -74.6794
134 23.5511 -74.489
135 23.7318 -74.2986
136 23.9125 -74.1082
137 24.0933 -73.9178
138 24.2741 -73.7275
139 24.4551 -73.5371
140 24.6361 -73.3467
141 24.8173 -73.1563
142 24.9985 -72.9659
143 25.1798 -72.7756
144 25.3612 -72.5852
145 25.5426 -72.3948
146 25.7242 -72.2044
147 25.9059 -72.014
148 26.0876 -71.8236
149 26.2694 -71.6333
150 26.4514 -71.4429
151 26.6334 -71.2525
152 26.8155 -71.0621
153 26.9977 -70.8717
154 27.1799 -70.6814
155 27.3623 -70.491
156 27.5448 -70.3006
157 27.7273 -70.1102
158 27.91 -69.9198
159 28.0927 -69.7295
160 28.2756 -69.5391
161 28.4585 -69.3487
162 28.6415 -69.1583
163 28.8246 -68.9679
164 29.0078 -68.7776
165 29.1912 -68.5872
166 29.3746 -68.3968
167 29.5581 -68.2064
168 29.7416 -68.016
169 29.9253 -67.8257
170 30.1091 -67.6353
171 30.293 -67.4449
172 30.477 -67.2545
173 30.6611 -67.0641
174 30.8452 -66.8737
175 31.0295 -66.6834
176 31.2139 -66.493
177 31.3984 -66.3026
178 31.5829 -66.1122
179 31.7676 -65.9218
180 31.9524 -65.7315
181 32.1373 -65.5411
182 32.3222 -65.3507
183 32.5073 -65.1603
184 32.6925 -64.9699
185 32.8778 -64.7796
186 33.0632 -64.5892
187 33.2487 -64.3988
188 33.4343 -64.2084
189 33.62 -64.018
190 33.8058 -63.8277
191 33.9917 -63.6373
192 34.1777 -63.4469
193 34.3638 -63.2565
194 34.55 -63.0661
195 34.7364 -62.8758
196 34.9228 -62.6854
197 35.1094 -62.495
198 35.296 -62.3046
199 35.4828 -62.1142
200 35.6697 -61.9238
201 35.8567 -61.7335
202 36.0438 -61.5431
203 36.231 -61.3527
204 36.4183 -61.1623
205 36.6057 -60.9719
206 36.7933 -60.7816
207 36.9809 -60.5912
208 37.1687 -60.4008
209 37.3566 -60.2104
210 37.5446 -60.02
211 37.7327 -59.8297
212 37.9209 -59.6393
213 38.1092 -59.4489
214 38.2977 -59.2585
215 38.4863 -59.0681
216 38.6749 -58.8778
217 38.8637 -58.6874
218 39.0527 -58.497
219 39.2417 -58.3066
220 39.4309 -58.1162
221 39.6202 -57.9259
222 39.8096 -57.7355
223 39.9991 -57.5451
224 40.1887 -57.3547
225 40.3785 -57.1643
226 40.5684 -56.9739
227 40.7584 -56.7836
228 40.9485 -56.5932
229 41.1388 -56.4028
230 41.3291 -56.2124
231 41.5196 -56.022
232 41.7103 -55.8317
233 41.901 -55.6413
234 42.0919 -55.4509
235 42.2829 -55.2605
236 42.474 -55.0701
237 42.6653 -54.8798
238 42.8567 -54.6894
239 43.0482 -54.499
240 43.2399 -54.3086
241 43.4316 -54.1182
242 43.6236 -53.9279
243 43.8156 -53.7375
244 44.0078 -53.5471
245 44.2001 -53.3567
246 44.3925 -53.1663
247 44.5851 -52.976
248 44.7778 -52.7856
249 44.9706 -52.5952
250 45.1636 -52.4048
251 45.3567 -52.2144
252 45.55 -52.024
253 45.7433 -51.8337
254 45.9369 -51.6433
255 46.1305 -51.4529
256 46.3243 -51.2625
257 46.5183 -51.0721
258 46.7124 -50.8818
259 46.9066 -50.6914
260 47.1009 -50.501
261 47.2954 -50.3106
262 47.4901 -50.1202
263 47.6849 -49.9299
264 47.8798 -49.7395
265 48.0749 -49.5491
266 48.2701 -49.3587
267 48.4655 -49.1683
268 48.661 -48.978
269 48.8567 -48.7876
270 49.0525 -48.5972
271 49.2485 -48.4068
272 49.4446 -48.2164
273 49.6408 -48.0261
274 49.8373 -47.8357
275 50.0338 -47.6453
276 50.2305 -47.4549
277 50.4274 -47.2645
278 50.6244 -47.0741
279 50.8216 -46.8838
280 51.019 -46.6934
281 51.2164 -46.503
282 51.4141 -46.3126
283 51.6119 -46.1222
284 51.8099 -45.9319
285 52.008 -45.7415
286 52.2063 -45.5511
287 52.4047 -45.3607
288 52.6033 -45.1703
289 52.8021 -44.98
290 53.001 -44.7896
291 53.2001 -44.5992
292 53.3993 -44.4088
293 53.5988 -44.2184
294 53.7984 -44.0281
295 53.9981 -43.8377
296 54.198 -43.6473
297 54.3981 -43.4569
298 54.5984 -43.2665
299 54.7988 -43.0762
300 54.9994 -42.8858
301 55.2002 -42.6954
302 55.4011 -42.505
303 55.6022 -42.3146
304 55.8035 -42.1242
305 56.005 -41.9339
306 56.2066 -41.7435
307 56.4084 -41.5531
308 56.6104 -41.3627
309 56.8126 -41.1723
310 57.0149 -40.982
311 57.2175 -40.7916
312 57.4202 -40.6012
313 57.6231 -40.4108
314 57.8261 -40.2204
315 58.0294 -40.0301
316 58.2328 -39.8397
317 58.4365 -39.6493
318 58.6403 -39.4589
319 58.8443 -39.2685
320 59.0485 -39.0782
321 59.2529 -38.8878
322 59.4574 -38.6974
323 59.6622 -38.507
324 59.8671 -38.3166
325 60.0723 -38.1263
326 60.2776 -37.9359
327 60.4832 -37.7455
328 60.6889 -37.5551
329 60.8948 -37.3647
330 61.101 -37.1743
331 61.3073 -36.984
332 61.5138 -36.7936
333 61.7205 -36.6032
334 61.9275 -36.4128
335 62.1346 -36.2224
336 62.3419 -36.0321
337 62.5495 -35.8417
338 62.7572 -35.6513
339 62.9652 -35.4609
340 63.1733 -35.2705
341 63.3817 -35.0802
342 63.5903 -34.8898
343 63.7991 -34.6994
344 64.0081 -34.509
345 64.2173 -34.3186
346 64.4268 -34.1283
347 64.6364 -33.9379
348 64.8463 -33.7475
349 65.0564 -33.5571
350 65.2667 -33.3667
351 65.4772 -33.1764
352 65.688 -32.986
353 65.899 -32.7956
354 66.1102 -32.6052
355 66.3216 -32.4148
356 66.5333 -32.2244
357 66.7451 -32.0341
358 66.9573 -31.8437
359 67.1696 -31.6533
360 67.3822 -31.4629
361 67.595 -31.2725
362 67.808 -31.0822
363 68.0213 -30.8918
364 68.2348 -30.7014
365 68.4486 -30.511
366 68.6626 -30.3206
367 68.8768 -30.1303
368 69.0913 -29.9399
369 69.306 -29.7495
370 69.521 -29.5591
371 69.7362 -29.3687
372 69.9517 -29.1784
373 70.1674 -28.988
374 70.3834 -28.7976
375 70.5996 -28.6072
376 70.8161 -28.4168
377 71.0328 -28.2265
378 71.2498 -28.0361
379 71.467 -27.8457
380 71.6845 -27.6553
381 71.9023 -27.4649
382 72.1203 -27.2745
383 72.3386 -27.0842
384 72.5572 -26.8938
385 72.776 -26.7034
386 72.9951 -26.513
387 73.2144 -26.3226
388 73.4341 -26.1323
389 73.654 -25.9419
390 73.8742 -25.7515
391 74.0946 -25.5611
392 74.3154 -25.3707
393 74.5364 -25.1804
394 74.7577 -24.99
395 74.9793 -24.7996
396 75.2012 -24.6092
397 75.4233 -24.4188
398 75.6458 -24.2285
399 75.8685 -24.0381
400 76.0915 -23.8477
401 76.3148 -23.6573
402 76.5385 -23.4669
403 76.7624 -23.2766
404 76.9866 -23.0862
405 77.2111 -22.8958
406 77.4359 -22.7054
407 77.6611 -22.515
408 77.8865 -22.3246
409 78.1122 -22.1343
410 78.3383 -21.9439
411 78.5646 -21.7535
412 78.7913 -21.5631
413 79.0183 -21.3727
414 79.2456 -21.1824
415 79.4733 -20.992
416 79.7012 -20.8016
417 79.9295 -20.6112
418 80.1581 -20.4208
419 80.3871 -20.2305
420 80.6163 -20.0401
421 80.8459 -19.8497
422 81.0759 -19.6593
423 81.3061 -19.4689
424 81.5367 -19.2786
425 81.7677 -19.0882
426 81.999 -18.8978
427 82.2307 -18.7074
428 82.4627 -18.517
429 82.695 -18.3267
430 82.9277 -18.1363
431 83.1608 -17.9459
432 83.3942 -17.7555
433 83.6279 -17.5651
434 83.8621 -17.3747
435 84.0966 -17.1844
436 84.3315 -16.994
437 84.5667 -16.8036
438 84.8023 -16.6132
439 85.0383 -16.4228
440 85.2747 -16.2325
441 85.5114 -16.0421
442 85.7486 -15.8517
443 85.9861 -15.6613
444 86.224 -15.4709
445 86.4623 -15.2806
446 86.701 -15.0902
447 86.9401 -14.8998
448 87.1795 -14.7094
449 87.4194 -14.519
450 87.6597 -14.3287
451 87.9004 -14.1383
452 88.1415 -13.9479
453 88.3831 -13.7575
454 88.625 -13.5671
455 88.8674 -13.3768
456 89.1102 -13.1864
457 89.3534 -12.996
458 89.597 -12.8056
459 89.8411 -12.6152
460 90.0856 -12.4248
461 90.3306 -12.2345
462 90.576 -12.0441
463 90.8218 -11.8537
464 91.0681 -11.6633
465 91.3148 -11.4729
466 91.562 -11.2826
467 91.8097 -11.0922
468 92.0578 -10.9018
469 92.3064 -10.7114
470 92.5555 -10.521
471 92.805 -10.3307
472 93.055 -10.1403
473 93.3055 -9.9499
474 93.5564 -9.75952
475 93.8079 -9.56914
476 94.0598 -9.37876
477 94.3123 -9.18838
478 94.5652 -8.998
479 94.8187 -8.80762
480 95.0726 -8.61723
481 95.3271 -8.42685
482 95.5821 -8.23647
483 95.8376 -8.04609
484 96.0936 -7.85571
485 96.3502 -7.66533
486 96.6073 -7.47495
487 96.8649 -7.28457
488 97.1231 -7.09419
489 97.3818 -6.90381
490 97.641 -6.71343
491 97.9009 -6.52305
492 98.1612 -6.33267
493 98.4222 -6.14228
494 98.6837 -5.9519
495 98.9458 -5.76152
496 99.2085 -5.57114
497 99.4717 -5.38076
498 99.7356 -5.19038
499 100 -5
