1.01e+06 1.96e-11
1.04e+06 1.98e-11
1.06e+06 2.04e-11
1.08e+06 2.08e-11
1.11e+06 2.11e-11
1.14e+06 2.16e-11
1.16e+06 2.18e-11
1.19e+06 2.24e-11
1.22e+06 2.30e-11
1.24e+06 2.35e-11
1.27e+06 2.38e-11
1.30e+06 2.45e-11
1.33e+06 2.51e-11
1.36e+06 2.53e-11
1.40e+06 2.58e-11
1.43e+06 2.65e-11
1.46e+06 2.68e-11
1.50e+06 2.75e-11
1.53e+06 2.79e-11
1.57e+06 2.86e-11
1.60e+06 2.88e-11
1.64e+06 2.97e-11
1.68e+06 3.02e-11
1.72e+06 3.09e-11
1.76e+06 3.18e-11
1.80e+06 3.23e-11
1.84e+06 3.26e-11
1.88e+06 3.33e-11
1.93e+06 3.38e-11
1.97e+06 3.46e-11
2.02e+06 3.50e-11
2.07e+06 3.54e-11
2.11e+06 3.65e-11
2.16e+06 3.70e-11
2.21e+06 3.78e-11
2.26e+06 3.83e-11
2.32e+06 3.90e-11
2.37e+06 3.97e-11
2.43e+06 4.00e-11
2.48e+06 4.11e-11
2.54e+06 4.15e-11
2.60e+06 4.23e-11
2.66e+06 4.26e-11
2.72e+06 4.34e-11
2.79e+06 4.42e-11
2.85e+06 4.47e-11
2.92e+06 4.55e-11
2.99e+06 4.60e-11
3.05e+06 4.71e-11
3.13e+06 4.76e-11
3.20e+06 4.82e-11
3.27e+06 4.89e-11
3.35e+06 4.96e-11
3.43e+06 5.03e-11
3.51e+06 5.10e-11
3.59e+06 5.16e-11
3.67e+06 5.21e-11
3.76e+06 5.30e-11
3.85e+06 5.36e-11
3.94e+06 5.44e-11
4.03e+06 5.47e-11
4.12e+06 5.54e-11
4.22e+06 5.62e-11
4.32e+06 5.68e-11
4.42e+06 5.77e-11
4.52e+06 5.82e-11
4.62e+06 5.91e-11
4.73e+06 5.92e-11
4.84e+06 6.00e-11
4.95e+06 5.99e-11
5.07e+06 6.12e-11
5.19e+06 6.19e-11
5.31e+06 6.22e-11
5.43e+06 6.24e-11
5.56e+06 6.34e-11
5.69e+06 6.38e-11
5.82e+06 6.42e-11
5.96e+06 6.54e-11
6.10e+06 6.54e-11
6.24e+06 6.63e-11
6.38e+06 6.68e-11
6.53e+06 6.75e-11
6.68e+06 6.80e-11
6.84e+06 6.85e-11
7.00e+06 6.84e-11
7.16e+06 6.92e-11
7.33e+06 6.93e-11
7.50e+06 6.96e-11
7.67e+06 7.07e-11
7.85e+06 7.05e-11
8.04e+06 7.16e-11
8.22e+06 7.21e-11
8.41e+06 7.23e-11
8.61e+06 7.31e-11
8.81e+06 7.29e-11
9.02e+06 7.37e-11
9.23e+06 7.44e-11
9.44e+06 7.45e-11
9.66e+06 7.48e-11
9.89e+06 7.52e-11
1.01e+07 7.56e-11
1.04e+07 7.63e-11
1.06e+07 7.64e-11
1.08e+07 7.67e-11
1.11e+07 7.65e-11
1.14e+07 7.78e-11
1.16e+07 7.79e-11
1.19e+07 7.82e-11
1.22e+07 7.85e-11
1.24e+07 7.90e-11
1.27e+07 7.93e-11
1.30e+07 7.96e-11
1.33e+07 8.07e-11
1.36e+07 8.02e-11
1.40e+07 8.11e-11
1.43e+07 8.18e-11
1.46e+07 8.26e-11
1.50e+07 8.24e-11
1.53e+07 8.33e-11
1.57e+07 8.36e-11
1.60e+07 8.40e-11
1.64e+07 8.42e-11
1.68e+07 8.54e-11
1.72e+07 8.57e-11
1.76e+07 8.61e-11
1.80e+07 8.69e-11
1.84e+07 8.72e-11
1.88e+07 8.80e-11
1.93e+07 8.86e-11
1.97e+07 9.01e-11
2.02e+07 9.04e-11
2.07e+07 9.10e-11
2.11e+07 9.23e-11
2.16e+07 9.24e-11
2.21e+07 9.39e-11
2.26e+07 9.48e-11
2.32e+07 9.61e-11
2.37e+07 9.67e-11
2.43e+07 9.81e-11
2.48e+07 9.96e-11
2.54e+07 1.01e-10
2.60e+07 1.02e-10
2.66e+07 1.03e-10
2.72e+07 1.05e-10
2.79e+07 1.07e-10
2.85e+07 1.09e-10
2.92e+07 1.10e-10
2.99e+07 1.11e-10
3.05e+07 1.14e-10
3.13e+07 1.16e-10
3.20e+07 1.18e-10
3.27e+07 1.21e-10
3.35e+07 1.23e-10
3.43e+07 1.25e-10
3.51e+07 1.28e-10
3.59e+07 1.31e-10
3.67e+07 1.33e-10
3.76e+07 1.37e-10
3.85e+07 1.39e-10
3.94e+07 1.43e-10
4.03e+07 1.47e-10
4.12e+07 1.50e-10
4.22e+07 1.53e-10
4.32e+07 1.58e-10
4.42e+07 1.62e-10
4.52e+07 1.66e-10
4.62e+07 1.70e-10
4.73e+07 1.75e-10
4.84e+07 1.80e-10
4.95e+07 1.85e-10
5.07e+07 1.91e-10
5.19e+07 1.96e-10
5.31e+07 2.02e-10
5.43e+07 2.08e-10
5.56e+07 2.14e-10
5.69e+07 2.21e-10
5.82e+07 2.28e-10
5.96e+07 2.34e-10
6.10e+07 2.42e-10
6.24e+07 2.49e-10
6.38e+07 2.57e-10
6.53e+07 2.65e-10
6.68e+07 2.74e-10
6.84e+07 2.84e-10
7.00e+07 2.93e-10
7.16e+07 3.02e-10
7.33e+07 3.11e-10
7.50e+07 3.22e-10
7.67e+07 3.33e-10
7.85e+07 3.44e-10
8.04e+07 3.55e-10
8.22e+07 3.67e-10
8.41e+07 3.79e-10
8.61e+07 3.92e-10
8.81e+07 4.04e-10
9.02e+07 4.18e-10
9.23e+07 4.32e-10
9.44e+07 4.47e-10
9.66e+07 4.61e-10
9.89e+07 4.77e-10
1.01e+08 4.92e-10
1.04e+08 5.09e-10
1.06e+08 5.26e-10
1.08e+08 5.43e-10
1.11e+08 5.60e-10
1.14e+08 5.79e-10
1.16e+08 5.98e-10
1.19e+08 6.18e-10
1.22e+08 6.38e-10
1.24e+08 6.58e-10
1.27e+08 6.78e-10
1.30e+08 7.01e-10
1.33e+08 7.22e-10
1.36e+08 7.45e-10
1.40e+08 7.69e-10
1.43e+08 7.92e-10
1.46e+08 8.19e-10
1.50e+08 8.44e-10
1.53e+08 8.69e-10
1.57e+08 8.95e-10
1.60e+08 9.22e-10
1.64e+08 9.49e-10
1.68e+08 9.78e-10
1.72e+08 1.01e-09
1.76e+08 1.04e-09
1.80e+08 1.07e-09
1.84e+08 1.10e-09
1.88e+08 1.13e-09
1.93e+08 1.16e-09
1.97e+08 1.19e-09
2.02e+08 1.23e-09
2.07e+08 1.26e-09
2.11e+08 1.29e-09
2.16e+08 1.33e-09
2.21e+08 1.37e-09
2.26e+08 1.40e-09
2.32e+08 1.44e-09
2.37e+08 1.48e-09
2.43e+08 1.51e-09
2.48e+08 1.55e-09
2.54e+08 1.59e-09
2.60e+08 1.63e-09
2.66e+08 1.67e-09
2.72e+08 1.71e-09
2.79e+08 1.75e-09
2.85e+08 1.80e-09
2.92e+08 1.84e-09
2.99e+08 1.88e-09
3.05e+08 1.92e-09
3.13e+08 1.97e-09
3.20e+08 2.01e-09
3.27e+08 2.06e-09
3.35e+08 2.10e-09
3.43e+08 2.15e-09
3.51e+08 2.19e-09
3.59e+08 2.24e-09
3.67e+08 2.29e-09
3.76e+08 2.33e-09
3.85e+08 2.38e-09
3.94e+08 2.43e-09
4.03e+08 2.48e-09
4.12e+08 2.52e-09
4.22e+08 2.57e-09
4.32e+08 2.62e-09
4.42e+08 2.67e-09
4.52e+08 2.72e-09
4.62e+08 2.76e-09
4.73e+08 2.82e-09
4.84e+08 2.87e-09
4.95e+08 2.91e-09
5.07e+08 2.97e-09
5.19e+08 3.01e-09
5.31e+08 3.06e-09
5.43e+08 3.11e-09
5.56e+08 3.16e-09
5.69e+08 3.21e-09
5.82e+08 3.26e-09
5.96e+08 3.31e-09
6.10e+08 3.36e-09
6.24e+08 3.40e-09
6.38e+08 3.45e-09
6.53e+08 3.50e-09
6.68e+08 3.55e-09
6.84e+08 3.60e-09
7.00e+08 3.64e-09
7.16e+08 3.69e-09
7.33e+08 3.74e-09
7.50e+08 3.78e-09
7.67e+08 3.83e-09
7.85e+08 3.88e-09
8.04e+08 3.92e-09
8.22e+08 3.96e-09
8.41e+08 4.01e-09
8.61e+08 4.05e-09
8.81e+08 4.10e-09
9.02e+08 4.14e-09
9.23e+08 4.18e-09
9.44e+08 4.22e-09
9.66e+08 4.26e-09
9.89e+08 4.30e-09
1.01e+09 4.34e-09
1.04e+09 4.38e-09
1.06e+09 4.42e-09
1.08e+09 4.46e-09
1.11e+09 4.50e-09
1.14e+09 4.53e-09
1.16e+09 4.57e-09
1.19e+09 4.61e-09
1.22e+09 4.64e-09
1.24e+09 4.67e-09
1.27e+09 4.70e-09
1.30e+09 4.73e-09
1.33e+09 4.76e-09
1.36e+09 4.79e-09
1.40e+09 4.83e-09
1.43e+09 4.85e-09
1.46e+09 4.88e-09
1.50e+09 4.91e-09
1.53e+09 4.93e-09
1.57e+09 4.96e-09
1.60e+09 4.98e-09
1.64e+09 5.00e-09
1.68e+09 5.03e-09
1.72e+09 5.05e-09
1.76e+09 5.06e-09
1.80e+09 5.09e-09
1.84e+09 5.10e-09
1.88e+09 5.12e-09
1.93e+09 5.14e-09
1.97e+09 5.15e-09
2.02e+09 5.17e-09
2.07e+09 5.18e-09
2.11e+09 5.19e-09
2.16e+09 5.21e-09
2.21e+09 5.22e-09
2.26e+09 5.23e-09
2.32e+09 5.24e-09
2.37e+09 5.24e-09
2.43e+09 5.25e-09
2.48e+09 5.26e-09
2.54e+09 5.26e-09
2.60e+09 5.26e-09
2.66e+09 5.27e-09
2.72e+09 5.27e-09
2.79e+09 5.27e-09
2.85e+09 5.27e-09
2.92e+09 5.27e-09
2.99e+09 5.27e-09
3.05e+09 5.27e-09
3.13e+09 5.26e-09
3.20e+09 5.26e-09
3.27e+09 5.25e-09
3.35e+09 5.25e-09
3.43e+09 5.24e-09
3.51e+09 5.24e-09
3.59e+09 5.23e-09
3.67e+09 5.22e-09
3.76e+09 5.21e-09
3.85e+09 5.20e-09
3.94e+09 5.18e-09
4.03e+09 5.17e-09
4.12e+09 5.15e-09
4.22e+09 5.13e-09
4.32e+09 5.12e-09
4.42e+09 5.10e-09
4.52e+09 5.08e-09
4.62e+09 5.07e-09
4.73e+09 5.05e-09
4.84e+09 5.03e-09
4.95e+09 5.01e-09
5.07e+09 4.99e-09
5.19e+09 4.96e-09
5.31e+09 4.94e-09
5.43e+09 4.92e-09
5.56e+09 4.89e-09
5.69e+09 4.87e-09
5.82e+09 4.84e-09
5.96e+09 4.81e-09
6.10e+09 4.78e-09
6.24e+09 4.76e-09
6.38e+09 4.73e-09
6.53e+09 4.70e-09
6.68e+09 4.66e-09
6.84e+09 4.63e-09
7.00e+09 4.60e-09
7.16e+09 4.57e-09
7.33e+09 4.53e-09
7.50e+09 4.50e-09
7.67e+09 4.47e-09
7.85e+09 4.43e-09
8.04e+09 4.39e-09
8.22e+09 4.35e-09
8.41e+09 4.32e-09
8.61e+09 4.28e-09
8.81e+09 4.24e-09
9.02e+09 4.21e-09
9.23e+09 4.17e-09
9.44e+09 4.13e-09
9.66e+09 4.09e-09
9.89e+09 4.05e-09
1.01e+10 4.00e-09
1.04e+10 3.96e-09
1.06e+10 3.91e-09
1.08e+10 3.87e-09
1.11e+10 3.83e-09
1.14e+10 3.79e-09
1.16e+10 3.74e-09
1.19e+10 3.70e-09
1.22e+10 3.65e-09
1.24e+10 3.60e-09
1.27e+10 3.55e-09
1.30e+10 3.51e-09
1.33e+10 3.46e-09
1.36e+10 3.42e-09
1.40e+10 3.37e-09
1.43e+10 3.32e-09
1.46e+10 3.27e-09
1.50e+10 3.22e-09
1.53e+10 3.17e-09
1.57e+10 3.12e-09
1.60e+10 3.07e-09
1.64e+10 3.02e-09
1.68e+10 2.97e-09
1.72e+10 2.92e-09
1.76e+10 2.87e-09
1.80e+10 2.81e-09
1.84e+10 2.77e-09
1.88e+10 2.71e-09
1.93e+10 2.66e-09
1.97e+10 2.61e-09
2.02e+10 2.56e-09
2.07e+10 2.51e-09
2.11e+10 2.46e-09
2.16e+10 2.40e-09
2.21e+10 2.35e-09
2.26e+10 2.31e-09
2.32e+10 2.25e-09
2.37e+10 2.20e-09
2.43e+10 2.15e-09
2.48e+10 2.10e-09
2.54e+10 2.05e-09
2.60e+10 1.99e-09
2.66e+10 1.95e-09
2.72e+10 1.90e-09
2.79e+10 1.85e-09
2.85e+10 1.80e-09
2.92e+10 1.75e-09
2.99e+10 1.70e-09
3.05e+10 1.65e-09
3.13e+10 1.61e-09
3.20e+10 1.56e-09
3.27e+10 1.51e-09
3.35e+10 1.47e-09
3.43e+10 1.42e-09
3.51e+10 1.38e-09
3.59e+10 1.33e-09
3.67e+10 1.29e-09
3.76e+10 1.24e-09
3.85e+10 1.20e-09
3.94e+10 1.16e-09
4.03e+10 1.12e-09
4.12e+10 1.08e-09
4.22e+10 1.04e-09
4.32e+10 9.98e-10
4.42e+10 9.62e-10
4.52e+10 9.24e-10
4.62e+10 8.85e-10
4.73e+10 8.54e-10
4.84e+10 8.19e-10
4.95e+10 7.81e-10
5.07e+10 7.48e-10
5.19e+10 7.18e-10
5.31e+10 6.87e-10
5.43e+10 6.54e-10
5.56e+10 6.24e-10
5.69e+10 5.95e-10
5.82e+10 5.66e-10
5.96e+10 5.39e-10
6.10e+10 5.15e-10
6.24e+10 4.87e-10
6.38e+10 4.63e-10
6.53e+10 4.39e-10
6.68e+10 4.17e-10
6.84e+10 3.93e-10
7.00e+10 3.73e-10
7.16e+10 3.52e-10
7.33e+10 3.29e-10
7.50e+10 3.12e-10
7.67e+10 2.92e-10
7.85e+10 2.77e-10
8.04e+10 2.61e-10
8.22e+10 2.45e-10
8.41e+10 2.30e-10
8.61e+10 2.14e-10
8.81e+10 2.01e-10
9.02e+10 1.88e-10
9.23e+10 1.76e-10
9.44e+10 1.64e-10
9.66e+10 1.52e-10
9.89e+10 1.42e-10
1.01e+11 1.33e-10
1.04e+11 1.21e-10
1.06e+11 1.13e-10
1.08e+11 1.04e-10
1.11e+11 9.56e-11
1.14e+11 8.97e-11
1.16e+11 8.21e-11
1.19e+11 7.54e-11
1.22e+11 7.01e-11
1.24e+11 6.36e-11
1.27e+11 5.80e-11
1.30e+11 5.30e-11
1.33e+11 4.77e-11
1.36e+11 4.41e-11
1.40e+11 3.97e-11
1.43e+11 3.60e-11
1.46e+11 3.26e-11
1.50e+11 2.97e-11
1.53e+11 2.74e-11
1.57e+11 2.44e-11
1.60e+11 2.21e-11
1.64e+11 1.98e-11
1.68e+11 1.73e-11
1.72e+11 1.56e-11
1.76e+11 1.40e-11
1.80e+11 1.29e-11
1.84e+11 1.11e-11
1.88e+11 9.95e-12
1.93e+11 8.98e-12
1.97e+11 7.82e-12
2.02e+11 6.82e-12
2.07e+11 5.87e-12
2.11e+11 5.32e-12
2.16e+11 4.42e-12
2.21e+11 3.94e-12
2.26e+11 3.42e-12
2.32e+11 3.10e-12
2.37e+11 2.58e-12
2.43e+11 2.22e-12
2.48e+11 1.83e-12
2.54e+11 1.51e-12
2.60e+11 1.33e-12
2.66e+11 1.13e-12
2.72e+11 9.31e-13
2.79e+11 7.79e-13
2.85e+11 6.51e-13
2.92e+11 5.96e-13
2.99e+11 4.60e-13
3.05e+11 3.36e-13
3.13e+11 3.14e-13
3.20e+11 2.13e-13
3.27e+11 1.85e-13
3.35e+11 1.36e-13
3.43e+11 1.16e-13
3.51e+11 7.08e-14
3.59e+11 5.81e-14
3.67e+11 4.83e-14
3.76e+11 4.13e-14
3.85e+11 2.97e-14
3.94e+11 1.35e-14
4.03e+11 1.12e-14
4.12e+11 9.82e-15
4.22e+11 6.48e-15
4.32e+11 5.16e-15
4.42e+11 2.85e-15
4.52e+11 1.54e-15
4.62e+11 2.07e-16
4.73e+11 9.27e-16
4.84e+11 1.30e-16
4.95e+11 4.66e-17
5.07e+11 0.00e+00
5.19e+11 0.00e+00
5.31e+11 0.00e+00
5.43e+11 0.00e+00
5.56e+11 0.00e+00
5.69e+11 0.00e+00
5.82e+11 0.00e+00
5.96e+11 0.00e+00
6.10e+11 0.00e+00
6.24e+11 0.00e+00
6.38e+11 0.00e+00
6.53e+11 0.00e+00
6.68e+11 0.00e+00
6.84e+11 0.00e+00
7.00e+11 0.00e+00
7.16e+11 0.00e+00
7.33e+11 0.00e+00
7.50e+11 0.00e+00
7.67e+11 0.00e+00
7.85e+11 0.00e+00
8.04e+11 0.00e+00
8.22e+11 0.00e+00
8.41e+11 0.00e+00
8.61e+11 0.00e+00
8.81e+11 0.00e+00
9.02e+11 0.00e+00
9.23e+11 0.00e+00
9.44e+11 0.00e+00
9.66e+11 0.00e+00
9.89e+11 0.00e+00
1.01e+12 0.00e+00
1.04e+12 0.00e+00
1.06e+12 0.00e+00
1.08e+12 0.00e+00
1.11e+12 0.00e+00
1.14e+12 0.00e+00
1.16e+12 0.00e+00
1.19e+12 0.00e+00
1.22e+12 0.00e+00
1.24e+12 0.00e+00
1.27e+12 0.00e+00
1.30e+12 0.00e+00
1.33e+12 0.00e+00
1.36e+12 0.00e+00
1.40e+12 0.00e+00
1.43e+12 0.00e+00
1.46e+12 0.00e+00
1.50e+12 0.00e+00
1.53e+12 0.00e+00
1.57e+12 0.00e+00
1.60e+12 0.00e+00
1.64e+12 0.00e+00
1.68e+12 0.00e+00
1.72e+12 0.00e+00
1.76e+12 0.00e+00
1.80e+12 0.00e+00
1.84e+12 0.00e+00
1.88e+12 0.00e+00
1.93e+12 0.00e+00
1.97e+12 0.00e+00
2.02e+12 0.00e+00
2.07e+12 0.00e+00
2.11e+12 0.00e+00
2.16e+12 0.00e+00
2.21e+12 0.00e+00
2.26e+12 0.00e+00
2.32e+12 0.00e+00
2.37e+12 0.00e+00
2.43e+12 0.00e+00
2.48e+12 0.00e+00
2.54e+12 0.00e+00
2.60e+12 0.00e+00
2.66e+12 0.00e+00
2.72e+12 0.00e+00
2.79e+12 0.00e+00
2.85e+12 0.00e+00
2.92e+12 0.00e+00
2.99e+12 0.00e+00
3.05e+12 0.00e+00
3.13e+12 0.00e+00
