1.01e+06 5.12e-11
1.04e+06 5.20e-11
1.06e+06 5.32e-11
1.08e+06 5.38e-11
1.11e+06 5.60e-11
1.14e+06 5.61e-11
1.16e+06 5.80e-11
1.19e+06 5.83e-11
1.22e+06 5.99e-11
1.24e+06 6.14e-11
1.27e+06 6.28e-11
1.30e+06 6.31e-11
1.33e+06 6.45e-11
1.36e+06 6.60e-11
1.40e+06 6.77e-11
1.43e+06 6.86e-11
1.46e+06 6.94e-11
1.50e+06 7.13e-11
1.53e+06 7.30e-11
1.57e+06 7.42e-11
1.60e+06 7.57e-11
1.64e+06 7.77e-11
1.68e+06 7.86e-11
1.72e+06 7.99e-11
1.76e+06 8.13e-11
1.80e+06 8.30e-11
1.84e+06 8.43e-11
1.88e+06 8.64e-11
1.93e+06 8.84e-11
1.97e+06 9.01e-11
2.02e+06 9.11e-11
2.07e+06 9.31e-11
2.11e+06 9.58e-11
2.16e+06 9.53e-11
2.21e+06 9.79e-11
2.26e+06 9.96e-11
2.32e+06 1.01e-10
2.37e+06 1.03e-10
2.43e+06 1.05e-10
2.48e+06 1.07e-10
2.54e+06 1.08e-10
2.60e+06 1.10e-10
2.66e+06 1.12e-10
2.72e+06 1.14e-10
2.79e+06 1.15e-10
2.85e+06 1.17e-10
2.92e+06 1.19e-10
2.99e+06 1.21e-10
3.05e+06 1.22e-10
3.13e+06 1.25e-10
3.20e+06 1.28e-10
3.27e+06 1.29e-10
3.35e+06 1.31e-10
3.43e+06 1.30e-10
3.51e+06 1.34e-10
3.59e+06 1.36e-10
3.67e+06 1.37e-10
3.76e+06 1.38e-10
3.85e+06 1.40e-10
3.94e+06 1.43e-10
4.03e+06 1.43e-10
4.12e+06 1.47e-10
4.22e+06 1.48e-10
4.32e+06 1.49e-10
4.42e+06 1.50e-10
4.52e+06 1.54e-10
4.62e+06 1.55e-10
4.73e+06 1.57e-10
4.84e+06 1.58e-10
4.95e+06 1.59e-10
5.07e+06 1.60e-10
5.19e+06 1.64e-10
5.31e+06 1.64e-10
5.43e+06 1.68e-10
5.56e+06 1.68e-10
5.69e+06 1.69e-10
5.82e+06 1.71e-10
5.96e+06 1.73e-10
6.10e+06 1.75e-10
6.24e+06 1.75e-10
6.38e+06 1.77e-10
6.53e+06 1.78e-10
6.68e+06 1.79e-10
6.84e+06 1.81e-10
7.00e+06 1.84e-10
7.16e+06 1.85e-10
7.33e+06 1.86e-10
7.50e+06 1.87e-10
7.67e+06 1.88e-10
7.85e+06 1.92e-10
8.04e+06 1.90e-10
8.22e+06 1.93e-10
8.41e+06 1.94e-10
8.61e+06 1.95e-10
8.81e+06 1.97e-10
9.02e+06 1.98e-10
9.23e+06 1.99e-10
9.44e+06 2.01e-10
9.66e+06 2.01e-10
9.89e+06 2.05e-10
1.01e+07 2.04e-10
1.04e+07 2.06e-10
1.06e+07 2.07e-10
1.08e+07 2.07e-10
1.11e+07 2.08e-10
1.14e+07 2.08e-10
1.16e+07 2.11e-10
1.19e+07 2.11e-10
1.22e+07 2.12e-10
1.24e+07 2.13e-10
1.27e+07 2.14e-10
1.30e+07 2.15e-10
1.33e+07 2.17e-10
1.36e+07 2.18e-10
1.40e+07 2.20e-10
1.43e+07 2.20e-10
1.46e+07 2.23e-10
1.50e+07 2.23e-10
1.53e+07 2.26e-10
1.57e+07 2.26e-10
1.60e+07 2.27e-10
1.64e+07 2.30e-10
1.68e+07 2.30e-10
1.72e+07 2.31e-10
1.76e+07 2.34e-10
1.80e+07 2.34e-10
1.84e+07 2.37e-10
1.88e+07 2.39e-10
1.93e+07 2.40e-10
1.97e+07 2.42e-10
2.02e+07 2.44e-10
2.07e+07 2.45e-10
2.11e+07 2.49e-10
2.16e+07 2.48e-10
2.21e+07 2.52e-10
2.26e+07 2.54e-10
2.32e+07 2.56e-10
2.37e+07 2.59e-10
2.43e+07 2.62e-10
2.48e+07 2.64e-10
2.54e+07 2.66e-10
2.60e+07 2.72e-10
2.66e+07 2.75e-10
2.72e+07 2.77e-10
2.79e+07 2.81e-10
2.85e+07 2.84e-10
2.92e+07 2.88e-10
2.99e+07 2.93e-10
3.05e+07 2.97e-10
3.13e+07 3.02e-10
3.20e+07 3.07e-10
3.27e+07 3.12e-10
3.35e+07 3.18e-10
3.43e+07 3.23e-10
3.51e+07 3.28e-10
3.59e+07 3.35e-10
3.67e+07 3.41e-10
3.76e+07 3.47e-10
3.85e+07 3.55e-10
3.94e+07 3.62e-10
4.03e+07 3.69e-10
4.12e+07 3.78e-10
4.22e+07 3.85e-10
4.32e+07 3.93e-10
4.42e+07 4.04e-10
4.52e+07 4.13e-10
4.62e+07 4.22e-10
4.73e+07 4.33e-10
4.84e+07 4.44e-10
4.95e+07 4.55e-10
5.07e+07 4.66e-10
5.19e+07 4.80e-10
5.31e+07 4.91e-10
5.43e+07 5.07e-10
5.56e+07 5.18e-10
5.69e+07 5.34e-10
5.82e+07 5.48e-10
5.96e+07 5.64e-10
6.10e+07 5.80e-10
6.24e+07 5.96e-10
6.38e+07 6.13e-10
6.53e+07 6.34e-10
6.68e+07 6.51e-10
6.84e+07 6.70e-10
7.00e+07 6.91e-10
7.16e+07 7.13e-10
7.33e+07 7.36e-10
7.50e+07 7.57e-10
7.67e+07 7.80e-10
7.85e+07 8.04e-10
8.04e+07 8.31e-10
8.22e+07 8.57e-10
8.41e+07 8.85e-10
8.61e+07 9.12e-10
8.81e+07 9.42e-10
9.02e+07 9.71e-10
9.23e+07 1.00e-09
9.44e+07 1.03e-09
9.66e+07 1.07e-09
9.89e+07 1.10e-09
1.01e+08 1.14e-09
1.04e+08 1.17e-09
1.06e+08 1.21e-09
1.08e+08 1.25e-09
1.11e+08 1.29e-09
1.14e+08 1.33e-09
1.16e+08 1.37e-09
1.19e+08 1.41e-09
1.22e+08 1.46e-09
1.24e+08 1.50e-09
1.27e+08 1.54e-09
1.30e+08 1.59e-09
1.33e+08 1.64e-09
1.36e+08 1.69e-09
1.40e+08 1.74e-09
1.43e+08 1.80e-09
1.46e+08 1.85e-09
1.50e+08 1.91e-09
1.53e+08 1.96e-09
1.57e+08 2.02e-09
1.60e+08 2.08e-09
1.64e+08 2.14e-09
1.68e+08 2.20e-09
1.72e+08 2.26e-09
1.76e+08 2.32e-09
1.80e+08 2.39e-09
1.84e+08 2.45e-09
1.88e+08 2.53e-09
1.93e+08 2.59e-09
1.97e+08 2.66e-09
2.02e+08 2.73e-09
2.07e+08 2.81e-09
2.11e+08 2.88e-09
2.16e+08 2.95e-09
2.21e+08 3.03e-09
2.26e+08 3.11e-09
2.32e+08 3.18e-09
2.37e+08 3.27e-09
2.43e+08 3.35e-09
2.48e+08 3.43e-09
2.54e+08 3.51e-09
2.60e+08 3.59e-09
2.66e+08 3.68e-09
2.72e+08 3.77e-09
2.79e+08 3.85e-09
2.85e+08 3.94e-09
2.92e+08 4.03e-09
2.99e+08 4.12e-09
3.05e+08 4.21e-09
3.13e+08 4.30e-09
3.20e+08 4.39e-09
3.27e+08 4.48e-09
3.35e+08 4.58e-09
3.43e+08 4.67e-09
3.51e+08 4.76e-09
3.59e+08 4.86e-09
3.67e+08 4.95e-09
3.76e+08 5.05e-09
3.85e+08 5.15e-09
3.94e+08 5.25e-09
4.03e+08 5.34e-09
4.12e+08 5.44e-09
4.22e+08 5.53e-09
4.32e+08 5.63e-09
4.42e+08 5.72e-09
4.52e+08 5.83e-09
4.62e+08 5.92e-09
4.73e+08 6.01e-09
4.84e+08 6.11e-09
4.95e+08 6.21e-09
5.07e+08 6.31e-09
5.19e+08 6.41e-09
5.31e+08 6.50e-09
5.43e+08 6.59e-09
5.56e+08 6.69e-09
5.69e+08 6.78e-09
5.82e+08 6.86e-09
5.96e+08 6.95e-09
6.10e+08 7.04e-09
6.24e+08 7.14e-09
6.38e+08 7.22e-09
6.53e+08 7.32e-09
6.68e+08 7.41e-09
6.84e+08 7.49e-09
7.00e+08 7.57e-09
7.16e+08 7.66e-09
7.33e+08 7.73e-09
7.50e+08 7.82e-09
7.67e+08 7.89e-09
7.85e+08 7.97e-09
8.04e+08 8.05e-09
8.22e+08 8.12e-09
8.41e+08 8.19e-09
8.61e+08 8.27e-09
8.81e+08 8.34e-09
9.02e+08 8.39e-09
9.23e+08 8.47e-09
9.44e+08 8.53e-09
9.66e+08 8.59e-09
9.89e+08 8.65e-09
1.01e+09 8.70e-09
1.04e+09 8.76e-09
1.06e+09 8.82e-09
1.08e+09 8.86e-09
1.11e+09 8.90e-09
1.14e+09 8.95e-09
1.16e+09 8.99e-09
1.19e+09 9.03e-09
1.22e+09 9.06e-09
1.24e+09 9.10e-09
1.27e+09 9.13e-09
1.30e+09 9.17e-09
1.33e+09 9.19e-09
1.36e+09 9.20e-09
1.40e+09 9.24e-09
1.43e+09 9.25e-09
1.46e+09 9.26e-09
1.50e+09 9.28e-09
1.53e+09 9.28e-09
1.57e+09 9.29e-09
1.60e+09 9.29e-09
1.64e+09 9.28e-09
1.68e+09 9.29e-09
1.72e+09 9.26e-09
1.76e+09 9.26e-09
1.80e+09 9.26e-09
1.84e+09 9.24e-09
1.88e+09 9.20e-09
1.93e+09 9.18e-09
1.97e+09 9.17e-09
2.02e+09 9.14e-09
2.07e+09 9.11e-09
2.11e+09 9.07e-09
2.16e+09 9.04e-09
2.21e+09 8.99e-09
2.26e+09 8.95e-09
2.32e+09 8.89e-09
2.37e+09 8.84e-09
2.43e+09 8.79e-09
2.48e+09 8.73e-09
2.54e+09 8.68e-09
2.60e+09 8.62e-09
2.66e+09 8.55e-09
2.72e+09 8.47e-09
2.79e+09 8.41e-09
2.85e+09 8.32e-09
2.92e+09 8.25e-09
2.99e+09 8.18e-09
3.05e+09 8.09e-09
3.13e+09 8.02e-09
3.20e+09 7.93e-09
3.27e+09 7.84e-09
3.35e+09 7.75e-09
3.43e+09 7.66e-09
3.51e+09 7.56e-09
3.59e+09 7.47e-09
3.67e+09 7.36e-09
3.76e+09 7.26e-09
3.85e+09 7.16e-09
3.94e+09 7.05e-09
4.03e+09 6.96e-09
4.12e+09 6.85e-09
4.22e+09 6.73e-09
4.32e+09 6.62e-09
4.42e+09 6.51e-09
4.52e+09 6.40e-09
4.62e+09 6.29e-09
4.73e+09 6.18e-09
4.84e+09 6.06e-09
4.95e+09 5.95e-09
5.07e+09 5.83e-09
5.19e+09 5.73e-09
5.31e+09 5.60e-09
5.43e+09 5.49e-09
5.56e+09 5.37e-09
5.69e+09 5.25e-09
5.82e+09 5.14e-09
5.96e+09 5.02e-09
6.10e+09 4.90e-09
6.24e+09 4.78e-09
6.38e+09 4.67e-09
6.53e+09 4.56e-09
6.68e+09 4.43e-09
6.84e+09 4.34e-09
7.00e+09 4.21e-09
7.16e+09 4.10e-09
7.33e+09 4.00e-09
7.50e+09 3.88e-09
7.67e+09 3.78e-09
7.85e+09 3.67e-09
8.04e+09 3.56e-09
8.22e+09 3.46e-09
8.41e+09 3.35e-09
8.61e+09 3.25e-09
8.81e+09 3.15e-09
9.02e+09 3.05e-09
9.23e+09 2.96e-09
9.44e+09 2.86e-09
9.66e+09 2.76e-09
9.89e+09 2.68e-09
1.01e+10 2.59e-09
1.04e+10 2.50e-09
1.06e+10 2.41e-09
1.08e+10 2.33e-09
1.11e+10 2.24e-09
1.14e+10 2.16e-09
1.16e+10 2.08e-09
1.19e+10 2.00e-09
1.22e+10 1.93e-09
1.24e+10 1.86e-09
1.27e+10 1.78e-09
1.30e+10 1.71e-09
1.33e+10 1.64e-09
1.36e+10 1.58e-09
1.40e+10 1.51e-09
1.43e+10 1.45e-09
1.46e+10 1.39e-09
1.50e+10 1.33e-09
1.53e+10 1.27e-09
1.57e+10 1.22e-09
1.60e+10 1.17e-09
1.64e+10 1.11e-09
1.68e+10 1.07e-09
1.72e+10 1.02e-09
1.76e+10 9.70e-10
1.80e+10 9.26e-10
1.84e+10 8.85e-10
1.88e+10 8.39e-10
1.93e+10 7.99e-10
1.97e+10 7.60e-10
2.02e+10 7.23e-10
2.07e+10 6.88e-10
2.11e+10 6.52e-10
2.16e+10 6.21e-10
2.21e+10 5.89e-10
2.26e+10 5.57e-10
2.32e+10 5.29e-10
2.37e+10 5.00e-10
2.43e+10 4.74e-10
2.48e+10 4.48e-10
2.54e+10 4.23e-10
2.60e+10 4.01e-10
2.66e+10 3.79e-10
2.72e+10 3.57e-10
2.79e+10 3.38e-10
2.85e+10 3.18e-10
2.92e+10 2.99e-10
2.99e+10 2.82e-10
3.05e+10 2.65e-10
3.13e+10 2.50e-10
3.20e+10 2.35e-10
3.27e+10 2.21e-10
3.35e+10 2.07e-10
3.43e+10 1.95e-10
3.51e+10 1.82e-10
3.59e+10 1.71e-10
3.67e+10 1.60e-10
3.76e+10 1.50e-10
3.85e+10 1.40e-10
3.94e+10 1.31e-10
4.03e+10 1.22e-10
4.12e+10 1.14e-10
4.22e+10 1.06e-10
4.32e+10 9.89e-11
4.42e+10 9.20e-11
4.52e+10 8.61e-11
4.62e+10 8.01e-11
4.73e+10 7.43e-11
4.84e+10 6.94e-11
4.95e+10 6.44e-11
5.07e+10 5.89e-11
5.19e+10 5.49e-11
5.31e+10 5.13e-11
5.43e+10 4.69e-11
5.56e+10 4.37e-11
5.69e+10 4.06e-11
5.82e+10 3.70e-11
5.96e+10 3.42e-11
6.10e+10 3.13e-11
6.24e+10 2.92e-11
6.38e+10 2.67e-11
6.53e+10 2.47e-11
6.68e+10 2.25e-11
6.84e+10 2.07e-11
7.00e+10 1.91e-11
7.16e+10 1.73e-11
7.33e+10 1.61e-11
7.50e+10 1.47e-11
7.67e+10 1.34e-11
7.85e+10 1.23e-11
8.04e+10 1.11e-11
8.22e+10 1.02e-11
8.41e+10 9.24e-12
8.61e+10 8.41e-12
8.81e+10 7.66e-12
9.02e+10 6.94e-12
9.23e+10 6.29e-12
9.44e+10 5.64e-12
9.66e+10 5.16e-12
9.89e+10 4.67e-12
1.01e+11 4.16e-12
1.04e+11 3.83e-12
1.06e+11 3.41e-12
1.08e+11 3.09e-12
1.11e+11 2.79e-12
1.14e+11 2.48e-12
1.16e+11 2.24e-12
1.19e+11 2.02e-12
1.22e+11 1.82e-12
1.24e+11 1.61e-12
1.27e+11 1.43e-12
1.30e+11 1.27e-12
1.33e+11 1.13e-12
1.36e+11 1.02e-12
1.40e+11 9.00e-13
1.43e+11 7.87e-13
1.46e+11 7.16e-13
1.50e+11 6.14e-13
1.53e+11 5.48e-13
1.57e+11 4.93e-13
1.60e+11 4.39e-13
1.64e+11 3.77e-13
1.68e+11 3.27e-13
1.72e+11 2.83e-13
1.76e+11 2.52e-13
1.80e+11 2.21e-13
1.84e+11 1.93e-13
1.88e+11 1.66e-13
1.93e+11 1.44e-13
1.97e+11 1.29e-13
2.02e+11 1.11e-13
2.07e+11 9.26e-14
2.11e+11 7.91e-14
2.16e+11 7.31e-14
2.21e+11 6.19e-14
2.26e+11 5.06e-14
2.32e+11 4.31e-14
2.37e+11 3.52e-14
2.43e+11 3.22e-14
2.48e+11 2.74e-14
2.54e+11 2.40e-14
2.60e+11 1.95e-14
2.66e+11 1.65e-14
2.72e+11 1.40e-14
2.79e+11 1.14e-14
2.85e+11 9.98e-15
2.92e+11 8.39e-15
2.99e+11 7.06e-15
3.05e+11 5.79e-15
3.13e+11 4.65e-15
3.20e+11 3.59e-15
3.27e+11 3.27e-15
3.35e+11 2.66e-15
3.43e+11 2.18e-15
3.51e+11 1.81e-15
3.59e+11 1.48e-15
3.67e+11 1.20e-15
3.76e+11 9.66e-16
3.85e+11 7.75e-16
3.94e+11 6.99e-16
4.03e+11 4.57e-16
4.12e+11 3.99e-16
4.22e+11 3.14e-16
4.32e+11 2.38e-16
4.42e+11 1.91e-16
4.52e+11 1.48e-16
4.62e+11 1.25e-16
4.73e+11 1.11e-16
4.84e+11 7.22e-17
4.95e+11 5.53e-17
5.07e+11 4.13e-17
5.19e+11 3.45e-17
5.31e+11 2.67e-17
5.43e+11 2.09e-17
5.56e+11 1.53e-17
5.69e+11 1.22e-17
5.82e+11 9.46e-18
5.96e+11 6.61e-18
6.10e+11 4.20e-18
6.24e+11 4.11e-18
6.38e+11 3.32e-18
6.53e+11 2.34e-18
6.68e+11 1.37e-18
6.84e+11 1.05e-18
7.00e+11 8.43e-19
7.16e+11 5.25e-19
7.33e+11 3.83e-19
7.50e+11 2.69e-19
7.67e+11 2.59e-19
7.85e+11 2.10e-19
8.04e+11 8.77e-20
8.22e+11 7.70e-20
8.41e+11 8.61e-20
8.61e+11 4.22e-20
8.81e+11 1.44e-20
9.02e+11 4.66e-21
9.23e+11 4.19e-21
9.44e+11 6.44e-21
9.66e+11 6.05e-21
9.89e+11 2.09e-21
1.01e+12 5.13e-21
1.04e+12 8.51e-22
1.06e+12 2.12e-26
1.08e+12 8.77e-23
1.11e+12 1.54e-22
1.14e+12 7.89e-23
1.16e+12 7.49e-26
1.19e+12 0.00e+00
1.22e+12 8.91e-27
1.24e+12 0.00e+00
1.27e+12 0.00e+00
1.30e+12 0.00e+00
1.33e+12 0.00e+00
1.36e+12 0.00e+00
1.40e+12 0.00e+00
1.43e+12 0.00e+00
1.46e+12 0.00e+00
1.50e+12 0.00e+00
1.53e+12 0.00e+00
1.57e+12 0.00e+00
1.60e+12 0.00e+00
1.64e+12 0.00e+00
1.68e+12 0.00e+00
1.72e+12 0.00e+00
1.76e+12 0.00e+00
1.80e+12 0.00e+00
1.84e+12 0.00e+00
1.88e+12 0.00e+00
1.93e+12 0.00e+00
1.97e+12 0.00e+00
2.02e+12 0.00e+00
2.07e+12 0.00e+00
2.11e+12 0.00e+00
2.16e+12 0.00e+00
2.21e+12 0.00e+00
2.26e+12 0.00e+00
2.32e+12 0.00e+00
2.37e+12 0.00e+00
2.43e+12 0.00e+00
2.48e+12 0.00e+00
2.54e+12 0.00e+00
2.60e+12 0.00e+00
2.66e+12 0.00e+00
2.72e+12 0.00e+00
2.79e+12 0.00e+00
2.85e+12 0.00e+00
2.92e+12 0.00e+00
2.99e+12 0.00e+00
3.05e+12 0.00e+00
3.13e+12 0.00e+00
3.20e+12 0.00e+00
3.27e+12 0.00e+00
3.35e+12 0.00e+00
3.43e+12 0.00e+00
3.51e+12 0.00e+00
3.59e+12 0.00e+00
3.67e+12 0.00e+00
3.76e+12 0.00e+00
3.85e+12 0.00e+00
3.94e+12 0.00e+00
4.03e+12 0.00e+00
4.12e+12 0.00e+00
4.22e+12 0.00e+00
4.32e+12 0.00e+00
4.42e+12 0.00e+00
4.52e+12 0.00e+00
4.62e+12 0.00e+00
4.73e+12 0.00e+00
4.84e+12 0.00e+00
4.95e+12 0.00e+00
5.07e+12 0.00e+00
5.19e+12 0.00e+00
5.31e+12 0.00e+00
5.43e+12 0.00e+00
5.56e+12 0.00e+00
5.69e+12 0.00e+00
5.82e+12 0.00e+00
5.96e+12 0.00e+00
6.10e+12 0.00e+00
6.24e+12 0.00e+00
6.38e+12 0.00e+00
6.53e+12 0.00e+00
6.68e+12 0.00e+00
6.84e+12 0.00e+00
7.00e+12 0.00e+00
7.16e+12 0.00e+00
7.33e+12 0.00e+00
7.50e+12 0.00e+00
7.67e+12 0.00e+00
7.85e+12 0.00e+00
8.04e+12 0.00e+00
8.22e+12 0.00e+00
8.41e+12 0.00e+00
8.61e+12 0.00e+00
8.81e+12 0.00e+00
9.02e+12 0.00e+00
9.23e+12 0.00e+00
9.44e+12 0.00e+00
9.66e+12 0.00e+00
9.89e+12 0.00e+00
1.01e+13 0.00e+00
1.04e+13 0.00e+00
1.06e+13 0.00e+00
1.08e+13 0.00e+00
1.11e+13 0.00e+00
1.14e+13 0.00e+00
1.16e+13 0.00e+00
1.19e+13 0.00e+00
1.22e+13 0.00e+00
1.24e+13 0.00e+00
1.27e+13 0.00e+00
1.30e+13 0.00e+00
1.33e+13 0.00e+00
1.36e+13 0.00e+00
1.40e+13 0.00e+00
1.43e+13 0.00e+00
1.46e+13 0.00e+00
1.50e+13 0.00e+00
1.53e+13 0.00e+00
1.57e+13 0.00e+00
1.60e+13 0.00e+00
1.64e+13 0.00e+00
1.68e+13 0.00e+00
1.72e+13 0.00e+00
1.76e+13 0.00e+00
1.80e+13 0.00e+00
1.84e+13 0.00e+00
1.88e+13 0.00e+00
1.93e+13 0.00e+00
1.97e+13 0.00e+00
2.02e+13 0.00e+00
2.07e+13 0.00e+00
2.11e+13 0.00e+00
2.16e+13 0.00e+00
2.21e+13 0.00e+00
2.26e+13 0.00e+00
2.32e+13 0.00e+00
2.37e+13 0.00e+00
2.43e+13 0.00e+00
2.48e+13 0.00e+00
2.54e+13 0.00e+00
2.60e+13 0.00e+00
2.66e+13 0.00e+00
2.72e+13 0.00e+00
2.79e+13 0.00e+00
2.85e+13 0.00e+00
2.92e+13 0.00e+00
2.99e+13 0.00e+00
3.05e+13 0.00e+00
3.13e+13 0.00e+00
3.20e+13 0.00e+00
3.27e+13 0.00e+00
3.35e+13 0.00e+00
3.43e+13 0.00e+00
3.51e+13 0.00e+00
3.59e+13 0.00e+00
3.67e+13 0.00e+00
3.76e+13 0.00e+00
3.85e+13 0.00e+00
3.94e+13 0.00e+00
4.03e+13 0.00e+00
4.12e+13 0.00e+00
4.22e+13 0.00e+00
4.32e+13 0.00e+00
4.42e+13 0.00e+00
4.52e+13 0.00e+00
4.62e+13 0.00e+00
4.73e+13 0.00e+00
4.84e+13 0.00e+00
4.95e+13 0.00e+00
5.07e+13 0.00e+00
5.19e+13 0.00e+00
5.31e+13 0.00e+00
5.43e+13 0.00e+00
5.56e+13 0.00e+00
5.69e+13 0.00e+00
5.82e+13 0.00e+00
5.96e+13 0.00e+00
6.10e+13 0.00e+00
6.24e+13 0.00e+00
6.38e+13 0.00e+00
6.53e+13 0.00e+00
6.68e+13 0.00e+00
6.84e+13 0.00e+00
7.00e+13 0.00e+00
7.16e+13 0.00e+00
7.33e+13 0.00e+00
7.50e+13 0.00e+00
7.67e+13 0.00e+00
7.85e+13 0.00e+00
8.04e+13 0.00e+00
8.22e+13 0.00e+00
8.41e+13 0.00e+00
8.61e+13 0.00e+00
8.81e+13 0.00e+00
9.02e+13 0.00e+00
9.23e+13 0.00e+00
9.44e+13 0.00e+00
9.66e+13 0.00e+00
9.89e+13 0.00e+00
