2238.72 2.16392e-08
2818.38 2.26305e-08
3548.13 2.38959e-08
4466.84 2.50239e-08
5623.41 2.55108e-08
7079.46 2.67331e-08
8912.51 2.75941e-08
11220.18 2.82354e-08
14125.38 2.87228e-08
17782.79 2.83706e-08
22387.21 2.87012e-08
28183.83 2.74712e-08
35481.34 2.71934e-08
44668.36 2.64963e-08
56234.13 2.53322e-08
70794.58 2.40674e-08
89125.09 2.36528e-08
112201.85 2.29080e-08
141253.75 2.26935e-08
177827.94 2.20691e-08
223872.11 2.01548e-08
281838.29 1.83860e-08
354813.39 1.78311e-08
446683.59 1.66929e-08
562341.33 1.56414e-08
707945.78 1.41573e-08
891250.94 1.30153e-08
1122018.45 1.21120e-08
1412537.54 1.13225e-08
1778279.41 1.04545e-08
2238721.14 1.04685e-08
2818382.93 9.80726e-09
3548133.89 9.53621e-09
4466835.92 8.71063e-09
5623413.25 9.22479e-09
7079457.84 8.29406e-09
8912509.38 8.26663e-09
11220184.54 7.98146e-09
14125375.45 7.20330e-09
17782794.10 6.87387e-09
22387211.39 6.90373e-09
28183829.31 6.50067e-09
35481338.92 5.49652e-09
44668359.22 5.44063e-09
56234132.52 4.53299e-09
70794578.44 3.89460e-09
89125093.81 3.76526e-09
112201845.43 3.24828e-09
141253754.46 2.49792e-09
177827941.00 2.26905e-09
223872113.86 1.83344e-09
281838293.13 1.42988e-09
354813389.23 1.37853e-09
446683592.15 8.70319e-10
562341325.19 8.05820e-10
707945784.38 4.61015e-10
891250938.13 3.95659e-10
1122018454.30 3.88694e-10
1412537544.62 1.91839e-10
1778279410.04 1.21398e-10
2238721138.57 7.55520e-11
2818382931.26 9.69133e-11
3548133892.34 3.03915e-11
4466835921.51 4.99319e-11
5623413251.90 5.39188e-11
7079457843.84 6.78709e-12
8912509381.34 4.94748e-12
11220184543.02 4.45584e-12
14125375446.23 4.43360e-13
17782794100.39 6.20767e-13
22387211385.68 1.16876e-13
28183829312.64 2.19908e-14
35481338923.36 6.29371e-14
44668359215.10 2.53569e-15
56234132519.03 8.31239e-17
70794578438.41 4.84231e-17
89125093813.37 8.02595e-16
112201845430.20 5.28733e-20
141253754462.27 9.99220e-19
177827941003.89 8.45272e-25
223872113856.83 1.44837e-26
281838293126.44 2.42388e-25
354813389233.58 1.01457e-41
446683592150.96 0.00000e+00
562341325190.35 3.20432e-38
707945784384.14 0.00000e+00
891250938133.74 0.00000e+00
1122018454301.97 0.00000e+00
1412537544622.75 0.00000e+00
1778279410038.92 0.00000e+00
2238721138568.35 0.00000e+00
2818382931264.45 0.00000e+00
3548133892335.76 0.00000e+00
4466835921509.62 0.00000e+00
5623413251903.49 0.00000e+00
7079457843841.40 0.00000e+00
8912509381337.44 0.00000e+00

